0.000133352 0.0562341 0
0.000133352 0.177828 0
0.000133352 0.562341 0
0.000133352 1.77828 0
0.000133352 5.62341 0
0.000133352 17.7828 0
0.000133352 56.2341 0
0.000133352 177.828 0
0.000133352 562.341 0
0.000133352 1778.28 0
0.000237137 0.0562341 0
0.000237137 0.177828 0
0.000237137 0.562341 0
0.000237137 1.77828 0
0.000237137 5.62341 0
0.000237137 17.7828 0
0.000237137 56.2341 0
0.000237137 177.828 0
0.000237137 562.341 0
0.000237137 1778.28 0
0.000421697 0.0562341 0
0.000421697 0.177828 0
0.000421697 0.562341 0
0.000421697 1.77828 0
0.000421697 5.62341 0
0.000421697 17.7828 0
0.000421697 56.2341 0
0.000421697 177.828 0
0.000421697 562.341 0
0.000421697 1778.28 0
0.000749894 0.0562341 48.3622
0.000749894 0.177828 0
0.000749894 0.562341 0
0.000749894 1.77828 0
0.000749894 5.62341 0
0.000749894 17.7828 0
0.000749894 56.2341 0
0.000749894 177.828 0
0.000749894 562.341 0
0.000749894 1778.28 0
0.00133352 0.0562341 0
0.00133352 0.177828 0
0.00133352 0.562341 0
0.00133352 1.77828 0
0.00133352 5.62341 0
0.00133352 17.7828 0
0.00133352 56.2341 0
0.00133352 177.828 0
0.00133352 562.341 0
0.00133352 1778.28 0
0.00237137 0.0562341 0
0.00237137 0.177828 0
0.00237137 0.562341 0
0.00237137 1.77828 0
0.00237137 5.62341 0
0.00237137 17.7828 0
0.00237137 56.2341 0
0.00237137 177.828 0
0.00237137 562.341 0
0.00237137 1778.28 0
0.00421697 0.0562341 0
0.00421697 0.177828 48.3622
0.00421697 0.562341 0
0.00421697 1.77828 0
0.00421697 5.62341 0
0.00421697 17.7828 0
0.00421697 56.2341 0
0.00421697 177.828 0
0.00421697 562.341 0
0.00421697 1778.28 0
0.00749894 0.0562341 0
0.00749894 0.177828 0
0.00749894 0.562341 145.087
0.00749894 1.77828 48.3622
0.00749894 5.62341 0
0.00749894 17.7828 0
0.00749894 56.2341 0
0.00749894 177.828 0
0.00749894 562.341 0
0.00749894 1778.28 0
0.0133352 0.0562341 48.3622
0.0133352 0.177828 48.3622
0.0133352 0.562341 241.811
0.0133352 1.77828 96.7244
0.0133352 5.62341 0
0.0133352 17.7828 0
0.0133352 56.2341 0
0.0133352 177.828 0
0.0133352 562.341 0
0.0133352 1778.28 0
0.0237137 0.0562341 0
0.0237137 0.177828 96.7244
0.0237137 0.562341 386.898
0.0237137 1.77828 193.449
0.0237137 5.62341 96.7244
0.0237137 17.7828 0
0.0237137 56.2341 0
0.0237137 177.828 0
0.0237137 562.341 0
0.0237137 1778.28 0
0.0421697 0.0562341 48.3622
0.0421697 0.177828 48.3622
0.0421697 0.562341 435.26
0.0421697 1.77828 1112.33
0.0421697 5.62341 241.811
0.0421697 17.7828 48.3622
0.0421697 56.2341 0
0.0421697 177.828 0
0.0421697 562.341 0
0.0421697 1778.28 0
0.0749894 0.0562341 48.3622
0.0749894 0.177828 435.26
0.0749894 0.562341 1063.97
0.0749894 1.77828 1547.59
0.0749894 5.62341 1160.69
0.0749894 17.7828 483.622
0.0749894 56.2341 0
0.0749894 177.828 0
0.0749894 562.341 0
0.0749894 1778.28 0
0.133352 0.0562341 0
0.133352 0.177828 96.7244
0.133352 0.562341 1741.04
0.133352 1.77828 2418.11
0.133352 5.62341 2708.28
0.133352 17.7828 1354.14
0.133352 56.2341 48.3622
0.133352 177.828 0
0.133352 562.341 0
0.133352 1778.28 0
0.237137 0.0562341 0
0.237137 0.177828 338.536
0.237137 0.562341 1450.87
0.237137 1.77828 4014.06
0.237137 5.62341 4642.77
0.237137 17.7828 3191.91
0.237137 56.2341 580.347
0.237137 177.828 0
0.237137 562.341 0
0.237137 1778.28 0
0.421697 0.0562341 0
0.421697 0.177828 0
0.421697 0.562341 483.622
0.421697 1.77828 3627.17
0.421697 5.62341 4546.05
0.421697 17.7828 4110.79
0.421697 56.2341 1595.95
0.421697 177.828 145.087
0.421697 562.341 0
0.421697 1778.28 0
0.749894 0.0562341 0
0.749894 0.177828 0
0.749894 0.562341 145.087
0.749894 1.77828 628.709
0.749894 5.62341 1063.97
0.749894 17.7828 725.433
0.749894 56.2341 435.26
0.749894 177.828 48.3622
0.749894 562.341 0
0.749894 1778.28 0
1.33352 0.0562341 0
1.33352 0.177828 0
1.33352 0.562341 0
1.33352 1.77828 48.3622
1.33352 5.62341 0
1.33352 17.7828 0
1.33352 56.2341 0
1.33352 177.828 0
1.33352 562.341 0
1.33352 1778.28 0
2.37137 0.0562341 0
2.37137 0.177828 0
2.37137 0.562341 0
2.37137 1.77828 0
2.37137 5.62341 0
2.37137 17.7828 0
2.37137 56.2341 0
2.37137 177.828 0
2.37137 562.341 0
2.37137 1778.28 0
4.21697 0.0562341 0
4.21697 0.177828 0
4.21697 0.562341 0
4.21697 1.77828 0
4.21697 5.62341 0
4.21697 17.7828 0
4.21697 56.2341 0
4.21697 177.828 0
4.21697 562.341 0
4.21697 1778.28 0
7.49894 0.0562341 0
7.49894 0.177828 0
7.49894 0.562341 0
7.49894 1.77828 0
7.49894 5.62341 0
7.49894 17.7828 0
7.49894 56.2341 0
7.49894 177.828 0
7.49894 562.341 0
7.49894 1778.28 0
