15 0 0
16 0 1
42 0 9
10 0 10
27 0 11
7 0 15
13 0 20
9 0 27
34 0 30
22 0 35
21 0 36
33 0 37
32 0 43
9 0 44
34 0 48
45 0 50
10 0 51
7 0 53
13 0 54
4 0 55
15 0 64
32 0 65
41 0 67
8 0 68
36 0 70
7 0 73
29 0 76
21 0 82
57 0 84
6 0 95
31 0 96
15 0 98
16 0 100
9 0 103
19 0 112
11 0 119
33 0 124
21 0 125
9 0 130
8 0 131
20 0 134
5 0 137
7 0 148
46 0 149
30 0 151
58 0 152
26 0 154
28 0 157
16 0 161
8 0 164
14 0 165
35 0 167
23 0 171
10 0 172
22 0 173
5 0 176
46 0 182
9 0 185
25 0 199
3 0 213
19 0 214
16 0 218
5 0 223
36 0 226
38 0 237
18 0 243
20 0 247
4 0 248
9 0 255
34 0 257
35 0 259
16 0 262
35 0 265
5 0 269
12 0 270
12 0 271
26 0 272
7 0 273
24 0 274
12 0 283
47 0 284
18 0 285
10 0 289
10 0 290
15 0 291
26 0 292
22 0 293
47 0 295
42 0 296
22 0 299
16 0 303
26 0 306
13 0 318
2 0 333
45 0 334
10 0 335
19 0 336
18 0 339
16 0 342
31 0 345
9 0 346
6 0 347
16 0 348
31 0 351
12 0 352
30 0 357
35 0 358
19 0 362
7 0 363
20 0 366
18 0 367
23 0 371
3 0 372
31 0 380
8 0 382
6 0 389
47 0 395
9 0 396
9 0 397
15 0 405
38 0 406
10 0 408
44 0 410
11 0 414
6 0 417
21 0 420
13 0 424
13 0 426
2 0 430
6 0 431
11 0 432
24 0 433
19 0 437
26 0 441
30 0 442
20 0 443
33 0 445
19 0 453
29 0 454
16 0 455
39 0 456
25 0 457
10 0 459
14 0 467
36 0 470
30 0 472
11 0 474
41 0 475
7 0 483
20 0 492
33 0 498
31 0 499
22 0 501
22 0 503
22 0 505
28 0 509
22 0 520
13 0 522
20 0 526
14 0 527
29 0 535
7 0 538
22 0 539
26 0 540
7 0 550
15 0 553
14 0 555
11 0 556
35 0 557
49 0 562
20 0 567
35 0 568
35 0 570
20 0 573
10 0 577
15 0 578
19 0 580
15 0 581
23 0 585
6 0 586
6 0 589
31 0 590
7 0 591
38 0 598
23 0 604
27 0 608
25 0 614
18 0 616
6 0 617
40 0 618
13 0 623
14 0 624
25 0 631
7 0 632
45 0 633
41 0 635
2 0 638
26 0 643
8 0 650
6 0 652
5 0 654
33 0 655
20 0 657
20 0 664
9 0 675
9 0 680
46 0 681
18 0 682
20 0 684
12 0 698
17 0 704
5 0 706
41 0 708
10 0 718
41 0 719
28 0 726
8 0 731
5 0 734
9 0 738
32 0 740
30 0 741
31 0 753
48 0 754
7 0 755
15 0 756
11 0 760
35 0 761
16 0 765
4 0 767
31 0 768
20 0 769
15 0 771
7 0 772
11 0 775
9 0 778
22 0 782
15 0 784
25 0 786
28 0 788
16 0 792
17 0 793
23 0 799
31 0 801
7 0 804
10 0 807
13 0 812
21 0 816
26 0 820
32 0 826
18 0 831
19 0 835
37 0 838
15 0 839
22 0 844
27 0 847
8 0 848
15 0 851
11 0 857
18 0 861
20 0 862
25 0 863
9 0 866
4 0 867
7 0 868
33 0 870
13 0 872
25 0 877
21 0 879
35 0 881
33 0 883
19 0 884
20 0 895
14 0 901
7 0 905
8 0 911
8 0 913
45 0 926
40 0 928
7 0 933
5 0 936
32 0 937
25 0 940
28 0 943
47 0 944
42 0 947
22 0 951
28 0 955
5 0 958
3 0 962
16 0 965
10 0 967
25 0 970
10 0 971
8 0 974
17 0 975
21 0 977
15 0 978
16 0 979
5 0 984
21 0 991
15 0 995
28 0 996
13 0 1002
10 0 1009
14 0 1013
11 0 1026
28 0 1029
15 0 1030
34 0 1035
24 0 1036
15 0 1039
7 0 1041
8 0 1044
6 0 1048
40 0 1054
9 0 1057
17 0 1059
10 0 1065
7 0 1067
12 0 1072
28 0 1074
9 0 1075
39 0 1080
2 0 1082
42 0 1083
18 0 1087
2 0 1090
40 0 1091
3 0 1096
9 0 1097
15 0 1100
16 0 1101
11 0 1109
4 0 1114
5 0 1120
9 0 1122
53 0 1126
14 0 1127
9 0 1128
8 0 1132
25 0 1136
9 0 1138
24 0 1139
35 0 1140
7 0 1144
18 0 1157
18 0 1160
25 0 1161
39 0 1171
7 0 1173
36 0 1176
11 0 1178
14 0 1179
15 0 1183
7 0 1189
11 0 1191
8 0 1196
6 0 1197
22 1 1200
5 0 1203
34 0 1210
10 0 1217
3 0 1221
30 0 1232
14 0 1239
67 0 1245
12 0 1248
7 0 1250
15 0 1253
21 0 1266
11 0 1268
12 0 1269
31 0 1271
50 0 1280
9 0 1283
7 0 1286
27 0 1287
26 0 1292
13 0 1293
3 0 1295
9 0 1300
12 0 1308
22 0 1313
30 0 1314
38 0 1315
10 0 1316
46 0 1323
4 0 1324
25 0 1326
9 0 1330
11 0 1332
27 0 1335
10 0 1336
12 0 1338
9 0 1340
4 0 1341
10 0 1343
25 0 1345
36 0 1346
9 0 1350
18 0 1355
10 0 1371
32 0 1374
34 0 1378
43 0 1379
7 0 1380
41 0 1388
7 0 1391
3 0 1393
13 0 1395
11 0 1404
9 0 1406
39 0 1407
13 0 1411
11 0 1418
54 0 1420
10 0 1426
8 0 1427
8 0 1430
35 0 1435
11 0 1442
13 0 1447
22 0 1450
7 0 1453
10 0 1458
20 0 1459
7 0 1463
19 0 1465
16 0 1466
34 0 1472
18 0 1473
18 0 1474
49 0 1476
21 0 1482
21 0 1487
8 0 1492
42 0 1497
38 0 1499
20 0 1501
10 0 1502
29 0 1510
11 0 1514
48 0 1525
15 0 1528
30 0 1533
23 0 1538
22 0 1539
7 0 1543
7 0 1564
2 0 1567
35 0 1568
9 0 1577
8 0 1581
24 0 1585
10 0 1588
5 0 1593
4 0 1599
37 0 1602
7 0 1607
24 0 1608
22 0 1619
20 0 1627
7 0 1629
4 0 1632
35 0 1634
11 0 1635
28 0 1641
7 0 1643
34 0 1646
40 0 1649
7 0 1651
16 0 1653
9 0 1664
35 0 1666
18 0 1675
9 0 1679
9 0 1685
21 0 1689
14 0 1693
4 0 1696
6 0 1700
44 0 1701
7 0 1703
21 0 1707
8 0 1708
16 0 1710
5 0 1715
8 0 1722
12 0 1725
7 0 1733
48 0 1736
8 0 1745
12 0 1748
8 0 1750
25 0 1753
13 0 1756
6 0 1757
23 0 1759
7 0 1763
7 0 1764
24 0 1769
12 0 1777
10 0 1778
22 0 1779
14 0 1787
5 0 1788
40 0 1789
13 0 1790
41 0 1791
9 0 1800
41 0 1802
6 0 1807
39 0 1808
29 0 1810
7 0 1811
8 0 1815
16 0 1816
19 0 1818
11 0 1821
49 0 1824
20 0 1825
27 0 1829
39 0 1832
13 0 1837
2 0 1842
2 0 1848
37 0 1851
14 0 1858
24 0 1864
16 0 1866
31 0 1871
8 0 1873
12 0 1884
27 0 1891
11 0 1897
12 0 1900
43 0 1903
49 0 1904
33 0 1910
7 0 1913
30 0 1915
19 0 1916
8 0 1917
8 0 1919
37 0 1923
31 0 1925
27 0 1926
35 0 1930
22 0 1932
16 0 1942
10 0 1943
31 0 1944
42 0 1945
5 0 1952
35 0 1955
9 0 1958
5 0 1962
48 0 1969
32 0 1972
36 0 1973
37 0 1976
26 0 1993
5 0 1996
37 0 2000
12 0 2002
11 0 2003
12 0 2014
9 0 2020
8 0 2026
37 0 2027
13 0 2030
9 0 2033
35 0 2037
9 0 2038
21 0 2040
8 0 2041
19 0 2046
22 0 2047
45 0 2050
29 0 2053
7 0 2054
29 0 2055
11 0 2061
11 0 2064
11 1 2065
12 0 2066
5 0 2070
20 0 2072
11 0 2073
27 0 2077
11 0 2078
31 0 2080
21 0 2081
25 0 2082
10 0 2087
9 0 2090
29 0 2101
40 0 2102
33 0 2104
11 0 2107
8 0 2110
25 0 2115
24 0 2121
9 0 2122
48 0 2126
12 0 2133
7 0 2136
26 0 2137
15 0 2140
19 0 2142
29 0 2148
24 0 2152
3 0 2157
28 0 2160
35 0 2161
20 0 2166
10 0 2168
47 0 2174
16 0 2178
10 0 2181
11 0 2188
35 0 2191
4 0 2193
21 0 2195
5 0 2196
10 0 2200
17 0 2208
32 0 2209
21 0 2210
13 0 2214
49 0 2215
10 0 2217
39 0 2220
54 0 2222
8 0 2225
20 0 2232
21 0 2236
24 0 2245
55 0 2246
35 0 2247
15 0 2248
36 0 2249
29 0 2251
37 0 2254
4 0 2256
4 0 2262
10 0 2264
8 0 2275
38 0 2276
15 0 2278
8 0 2281
7 0 2289
55 0 2291
10 0 2297
45 0 2299
7 0 2304
9 0 2305
2 0 2311
11 0 2312
42 0 2315
29 0 2316
35 0 2320
33 0 2322
24 0 2324
24 0 2330
27 0 2333
20 0 2340
12 0 2341
45 0 2343
20 0 2351
49 0 2356
16 0 2359
12 0 2361
21 1 2362
7 0 2366
33 0 2368
27 0 2369
3 0 2371
15 0 2375
7 0 2376
19 0 2378
12 0 2380
19 0 2383
20 0 2395
29 0 2404
8 0 2408
27 0 2409
38 0 2410
10 0 2411
38 0 2420
5 0 2423
42 0 2427
47 0 2428
11 0 2430
32 0 2436
7 0 2437
47 0 2439
12 0 2440
23 0 2441
58 0 2443
18 0 2445
18 0 2456
11 0 2457
39 0 2459
11 0 2467
9 0 2468
10 0 2473
5 0 2475
10 0 2480
7 0 2482
38 0 2483
31 0 2486
34 0 2488
33 0 2492
11 0 2510
12 0 2511
29 0 2513
30 0 2522
50 0 2523
20 0 2525
18 0 2527
18 0 2529
28 0 2533
36 0 2534
9 0 2538
21 0 2539
4 0 2542
12 0 2545
52 0 2549
10 0 2558
7 0 2559
38 0 2564
16 0 2581
29 0 2586
7 0 2587
2 0 2588
42 0 2592
8 0 2593
40 0 2600
16 0 2609
25 0 2612
15 0 2614
55 0 2615
4 0 2618
32 0 2622
12 0 2624
5 0 2631
10 0 2638
32 0 2645
9 0 2648
8 0 2655
12 0 2657
17 0 2659
22 0 2660
15 0 2666
9 0 2669
9 0 2670
34 0 2672
9 0 2678
2 0 2679
15 0 2683
7 0 2684
37 0 2685
23 0 2686
17 0 2687
23 0 2688
25 0 2690
20 0 2691
57 0 2693
56 0 2694
8 0 2707
13 0 2720
18 0 2723
21 0 2734
43 0 2737
13 0 2738
6 0 2742
24 0 2751
16 0 2752
23 0 2760
15 0 2763
34 0 2766
28 0 2767
16 0 2769
3 0 2776
14 0 2779
14 0 2780
22 0 2781
20 0 2787
17 0 2790
2 0 2792
26 3 2792
32 0 2796
4 0 2803
7 0 2814
16 0 2816
13 0 2819
24 0 2820
17 0 2821
26 0 2823
7 0 2824
31 0 2837
7 0 2838
21 0 2841
24 0 2849
11 0 2853
22 0 2856
20 0 2857
9 0 2858
21 0 2859
5 0 2861
58 0 2862
30 0 2864
5 0 2869
38 0 2876
19 0 2877
33 0 2882
30 0 2898
13 0 2900
21 0 2903
2 0 2906
23 0 2911
12 0 2915
50 0 2923
4 0 2925
11 0 2931
41 0 2936
26 0 2941
24 0 2943
36 0 2944
8 0 2946
34 0 2957
5 0 2960
28 0 2971
37 0 2974
28 0 2975
10 0 2976
9 0 2977
10 0 2979
2 0 2980
57 0 2985
25 0 2991
12 0 2995
18 0 2997
30 0 2999
10 0 3000
17 0 3003
15 0 3006
5 0 3008
8 0 3016
34 0 3019
24 0 3023
23 0 3024
30 0 3028
11 0 3029
17 0 3032
26 0 3041
10 0 3045
12 0 3047
19 0 3049
34 0 3060
14 0 3061
41 0 3062
6 0 3070
25 0 3077
34 0 3079
34 0 3085
19 0 3093
9 0 3094
24 0 3095
42 0 3099
15 0 3104
23 0 3105
10 0 3108
40 0 3109
6 0 3111
7 0 3115
11 0 3116
41 0 3118
16 0 3120
16 0 3124
46 0 3126
33 0 3127
29 0 3129
8 0 3132
15 0 3133
8 0 3135
17 0 3141
14 0 3142
25 0 3143
18 0 3147
38 0 3148
45 0 3149
7 0 3150
17 0 3164
36 0 3165
15 0 3169
8 0 3171
5 0 3176
32 0 3181
12 0 3182
7 0 3183
9 0 3186
15 0 3196
49 0 3197
18 0 3200
6 0 3202
14 0 3204
44 0 3214
26 0 3218
8 0 3219
3 0 3221
14 0 3222
10 0 3229
55 0 3232
34 0 3236
37 0 3242
29 0 3245
34 0 3246
33 0 3251
26 0 3252
12 0 3262
36 0 3263
19 0 3264
40 0 3266
7 0 3267
6 0 3269
7 0 3271
21 0 3285
23 0 3292
6 0 3297
5 0 3299
21 0 3300
47 0 3301
32 0 3313
37 0 3319
28 0 3320
51 0 3331
32 0 3339
6 0 3342
28 0 3346
32 0 3349
34 0 3350
10 0 3351
20 0 3352
11 0 3354
13 0 3358
5 0 3359
26 0 3360
42 0 3362
31 0 3366
22 0 3378
21 0 3379
10 0 3383
34 0 3386
3 0 3391
15 0 3394
15 0 3398
33 0 3401
36 0 3402
36 0 3410
33 0 3415
15 0 3421
39 0 3425
40 0 3442
45 0 3447
13 0 3449
6 0 3454
8 0 3455
24 0 3459
38 0 3461
20 0 3465
27 0 3466
37 0 3467
18 0 3468
41 0 3472
8 0 3473
31 0 3475
13 0 3476
19 0 3478
22 0 3480
20 0 3482
14 0 3484
16 0 3487
32 0 3494
40 0 3495
26 0 3497
44 0 3511
13 0 3516
11 0 3519
25 0 3520
6 0 3527
11 0 3532
16 0 3534
6 0 3537
5 0 3538
39 0 3540
8 0 3550
12 0 3551
10 0 3557
37 0 3558
30 0 3559
22 0 3565
5 0 3569
2 0 3571
17 0 3575
14 0 3577
17 0 3578
41 0 3582
23 0 3584
47 0 3589
40 0 3590
36 0 3593
6 0 3597
29 0 3598
24 0 3602
48 0 3609
25 0 3610
43 0 3611
21 0 3622
21 0 3623
30 0 3625
9 0 3627
44 0 3647
37 0 3653
17 0 3657
26 0 3670
5 0 3671
6 0 3688
27 0 3689
21 0 3692
35 0 3694
56 0 3702
29 0 3703
28 0 3704
33 0 3711
12 0 3713
12 0 3716
44 0 3720
17 0 3736
14 0 3737
27 0 3741
8 0 3746
18 0 3750
9 0 3752
4 0 3754
7 0 3755
14 0 3766
8 0 3785
36 0 3794
6 0 3799
8 0 3802
26 0 3804
10 0 3805
9 0 3806
32 0 3807
9 0 3810
10 0 3819
18 0 3825
10 0 3826
40 0 3830
12 0 3832
19 0 3834
31 0 3837
8 0 3838
16 0 3839
2 0 3841
36 0 3844
40 0 3845
9 0 3849
12 0 3851
25 0 3854
32 0 3855
35 0 3863
21 0 3871
11 0 3884
19 0 3886
23 0 3887
22 0 3894
33 0 3914
18 0 3925
30 0 3930
27 0 3934
2 0 3937
21 0 3948
13 0 3956
15 0 3959
30 0 3962
36 0 3967
37 0 3973
27 0 3986
14 0 3989
6 0 3991
13 0 3997
24 0 4002
33 0 4008
10 0 4010
28 0 4014
6 0 4019
27 0 4020
27 0 4025
27 0 4030
5 0 4041
26 0 4042
4 0 4044
40 0 4046
9 0 4047
7 0 4049
35 0 4058
12 0 4060
26 0 4062
7 0 4068
6 0 4069
10 0 4072
13 0 4084
12 0 4092
9 0 4095
42 0 4099
30 0 4100
9 0 4105
25 0 4106
24 0 4107
20 0 4118
5 0 4119
18 0 4122
16 0 4125
30 0 4126
31 0 4127
41 0 4133
24 0 4136
13 0 4138
31 0 4141
24 0 4147
8 0 4151
36 0 4164
11 0 4166
17 0 4167
11 0 4169
14 0 4177
14 0 4182
17 0 4187
14 0 4194
9 0 4195
30 0 4196
3 0 4197
17 0 4200
16 0 4203
15 0 4211
25 0 4214
10 0 4219
42 0 4222
12 0 4225
5 0 4226
30 0 4227
25 0 4231
11 0 4237
23 0 4238
52 0 4243
31 0 4246
32 0 4247
28 0 4248
31 0 4252
25 0 4257
21 0 4260
41 0 4262
19 0 4268
5 0 4271
15 0 4280
2 0 4283
4 0 4290
10 0 4292
18 0 4295
13 0 4297
22 0 4300
37 0 4309
5 0 4312
15 0 4319
7 0 4320
20 0 4326
21 0 4329
4 0 4330
13 0 4337
27 0 4338
23 0 4340
42 0 4343
7 0 4344
23 0 4348
29 0 4350
12 0 4351
6 0 4365
17 0 4369
24 0 4370
49 0 4380
24 0 4386
30 0 4388
36 0 4394
23 0 4399
21 0 4408
29 0 4411
10 0 4420
37 0 4421
32 0 4422
10 0 4430
26 0 4433
38 0 4435
5 0 4437
5 0 4446
11 0 4456
45 0 4461
34 0 4466
40 0 4467
4 0 4468
22 0 4474
6 0 4478
22 0 4484
29 0 4491
24 0 4493
6 0 4497
22 0 4500
11 0 4502
28 0 4515
12 0 4521
3 0 4528
8 0 4533
37 0 4534
26 0 4538
28 0 4541
49 0 4542
35 0 4544
7 0 4550
45 0 4558
9 0 4563
7 0 4566
23 0 4572
34 0 4576
22 0 4577
18 0 4580
7 0 4584
8 0 4585
9 0 4590
7 0 4593
23 0 4594
20 0 4597
14 0 4623
24 0 4628
9 0 4634
17 0 4635
12 0 4638
35 0 4640
18 0 4642
7 0 4645
21 0 4648
38 0 4654
19 0 4658
21 0 4662
30 0 4663
13 0 4665
44 0 4670
11 0 4676
21 0 4677
22 0 4679
18 0 4680
35 0 4682
23 0 4683
8 0 4684
26 0 4688
2 0 4689
10 0 4691
12 0 4702
44 0 4706
24 0 4707
15 0 4711
34 0 4716
26 0 4717
11 0 4720
16 0 4722
9 0 4733
20 0 4734
51 0 4736
12 0 4740
14 0 4747
19 0 4752
9 0 4753
10 0 4754
32 0 4755
20 0 4762
18 0 4765
23 0 4766
17 0 4768
5 0 4774
25 0 4780
12 0 4781
47 0 4783
7 0 4791
4 0 4796
28 0 4798
48 0 4803
22 0 4805
25 0 4808
18 0 4810
34 0 4812
31 0 4814
12 0 4815
10 0 4823
7 0 4825
18 0 4827
6 0 4828
32 0 4830
29 0 4835
10 0 4839
13 0 4843
50 0 4844
30 0 4854
25 0 4861
26 0 4862
16 0 4863
4 0 4870
10 0 4872
36 0 4879
25 0 4880
17 0 4883
18 0 4886
39 0 4895
14 0 4900
22 0 4901
11 0 4902
34 0 4904
5 0 4914
19 0 4918
8 0 4919
35 0 4920
19 0 4929
44 0 4951
7 0 4956
37 0 4957
19 0 4958
26 0 4959
22 0 4962
28 0 4964
26 0 4965
33 0 4969
12 0 4970
3 0 4974
8 0 4980
8 0 4993
5 0 4994
8 0 4995
49 0 5000
16 0 5004
24 0 5008
4 0 5021
9 0 5022
12 0 5023
8 0 5025
6 0 5027
11 0 5032
2 0 5038
34 0 5041
6 0 5042
22 0 5045
17 0 5049
24 0 5052
11 0 5059
41 0 5061
24 0 5062
17 0 5065
52 0 5069
36 0 5071
7 0 5073
9 0 5074
9 0 5075
12 0 5076
18 0 5082
9 0 5083
42 0 5084
13 0 5087
50 0 5097
14 0 5101
49 0 5117
8 0 5119
9 0 5127
34 0 5131
13 0 5132
43 0 5135
13 0 5136
27 0 5137
38 0 5139
27 0 5148
49 0 5157
43 0 5160
22 0 5166
36 0 5167
12 0 5168
18 0 5169
8 0 5172
20 0 5178
7 0 5181
47 0 5182
18 0 5185
29 0 5188
8 0 5192
17 0 5196
9 0 5197
3 0 5198
5 0 5203
24 0 5210
7 0 5215
15 0 5216
18 0 5220
16 0 5223
17 0 5226
9 0 5230
26 0 5232
19 0 5233
24 0 5235
12 0 5239
16 0 5242
22 0 5243
37 0 5246
11 1 5247
15 0 5249
8 0 5250
21 0 5251
9 0 5254
22 0 5261
18 0 5265
19 0 5267
37 0 5276
18 0 5277
13 0 5283
39 0 5288
42 0 5289
25 0 5292
2 0 5295
11 0 5296
31 0 5298
16 0 5299
7 0 5302
21 0 5303
15 0 5322
31 0 5323
10 0 5324
14 0 5331
16 0 5333
2 0 5349
24 0 5353
13 0 5354
7 0 5355
38 0 5356
10 0 5360
16 0 5362
39 0 5363
34 0 5365
13 0 5367
21 0 5368
33 0 5373
2 0 5377
64 0 5385
8 0 5386
14 0 5387
17 0 5395
8 0 5396
26 0 5397
10 0 5398
30 0 5401
16 0 5402
20 0 5406
12 0 5421
25 0 5436
56 0 5437
41 0 5438
23 0 5450
16 0 5451
7 0 5452
8 0 5456
21 0 5457
10 0 5460
10 0 5462
33 0 5465
16 0 5470
30 0 5471
19 0 5472
38 0 5474
8 0 5475
12 0 5481
7 0 5484
7 0 5487
7 0 5491
13 0 5500
30 0 5509
20 0 5511
7 0 5517
22 0 5524
18 0 5530
8 0 5532
44 0 5533
17 0 5535
25 0 5536
33 0 5537
6 0 5540
22 0 5541
13 0 5547
46 0 5549
26 0 5550
10 0 5552
16 0 5558
8 0 5562
10 0 5570
27 0 5573
4 0 5575
7 0 5583
34 0 5592
24 0 5599
14 0 5601
11 0 5602
6 0 5604
11 0 5605
16 0 5606
63 0 5616
21 0 5619
12 0 5620
33 0 5626
17 0 5627
26 0 5639
32 0 5640
34 0 5641
42 0 5644
11 0 5646
17 0 5647
28 0 5657
5 0 5660
40 0 5661
24 0 5665
13 0 5666
11 0 5669
42 0 5672
36 0 5673
2 0 5676
9 0 5677
7 0 5679
21 0 5680
10 0 5686
37 0 5691
40 0 5694
18 0 5700
14 0 5715
51 0 5722
4 8 5723
44 0 5726
27 0 5736
32 0 5737
19 0 5738
11 0 5742
10 0 5746
28 0 5753
18 0 5767
16 0 5768
46 0 5771
43 0 5777
16 0 5782
25 0 5783
14 0 5789
18 0 5790
15 0 5794
24 0 5797
12 0 5809
13 0 5816
32 0 5819
12 0 5821
26 0 5824
35 0 5825
34 0 5827
34 0 5835
26 0 5840
5 0 5845
50 0 5846
7 0 5847
50 0 5851
14 0 5852
22 0 5854
5 0 5857
13 0 5861
8 0 5870
25 0 5871
36 0 5873
8 0 5874
42 0 5876
31 0 5877
16 0 5879
11 0 5881
9 0 5883
24 0 5884
15 0 5886
42 0 5892
27 0 5894
35 0 5896
19 0 5902
11 0 5906
6 0 5908
17 0 5912
45 0 5913
5 0 5914
30 0 5915
5 0 5917
34 0 5919
32 0 5921
51 0 5922
24 0 5924
21 0 5938
37 0 5941
3 0 5945
43 0 5949
40 0 5953
47 0 5954
28 0 5961
12 0 5962
21 0 5964
31 0 5968
10 0 5969
11 0 5971
19 0 5974
21 0 5981
36 0 5982
25 0 5985
10 0 5987
4 0 5994
7 0 5995
23 0 5997
15 0 5999
32 0 6000
22 0 6003
21 0 6011
26 0 6016
4 0 6017
19 0 6020
2 0 6023
5 2 6023
33 0 6025
5 0 6028
21 0 6030
10 0 6031
21 0 6041
10 0 6044
31 0 6056
15 0 6059
42 0 6069
29 0 6070
33 0 6072
31 0 6076
2 0 6080
8 2 6080
24 0 6084
64 0 6085
7 0 6088
14 0 6091
30 0 6105
28 0 6110
24 0 6111
29 0 6113
3 0 6114
13 0 6117
45 0 6119
28 0 6122
26 0 6126
31 0 6130
15 0 6131
16 0 6133
5 0 6139
22 0 6143
15 0 6147
9 0 6148
42 0 6149
48 0 6150
24 0 6156
12 0 6158
3 0 6160
11 0 6162
23 0 6163
31 0 6166
24 0 6170
7 0 6173
5 0 6174
10 0 6182
16 0 6184
19 0 6201
35 0 6214
16 0 6221
23 0 6222
19 0 6230
28 0 6245
2 0 6246
17 0 6247
46 0 6251
24 0 6264
9 0 6270
35 0 6273
21 0 6280
6 0 6289
22 0 6300
15 0 6301
25 0 6302
17 0 6310
19 0 6316
7 0 6318
49 0 6319
21 0 6323
15 0 6327
36 0 6331
35 0 6340
32 0 6347
19 0 6350
12 0 6351
5 0 6356
11 0 6358
39 0 6363
9 0 6369
31 0 6372
23 0 6378
8 0 6379
15 0 6381
8 0 6385
18 0 6387
23 0 6388
7 0 6390
13 0 6391
21 0 6393
28 0 6408
15 0 6414
5 0 6415
9 0 6426
38 0 6435
24 0 6440
29 0 6447
7 0 6449
55 0 6460
5 0 6470
36 0 6472
17 0 6473
5 0 6478
11 0 6480
5 0 6484
7 0 6489
19 0 6493
30 0 6495
13 0 6499
16 0 6501
46 0 6505
41 0 6509
22 0 6510
26 0 6511
17 0 6512
16 0 6514
17 0 6520
24 0 6525
24 0 6528
21 0 6529
6 0 6531
46 0 6537
22 0 6539
28 0 6545
28 0 6546
10 0 6548
10 0 6552
17 0 6554
7 0 6566
25 0 6567
31 0 6569
22 0 6571
27 0 6580
14 0 6582
24 0 6596
4 0 6598
24 0 6602
15 0 6603
4 0 6607
41 0 6609
6 0 6612
8 0 6613
37 0 6616
16 0 6625
7 0 6626
22 0 6628
14 0 6636
12 0 6641
11 0 6647
11 0 6650
9 0 6657
16 0 6658
35 0 6661
5 0 6662
21 0 6667
24 0 6668
38 0 6680
36 0 6682
7 0 6683
23 0 6684
35 0 6686
12 0 6697
15 0 6698
44 0 6706
5 0 6707
17 0 6716
6 0 6722
18 0 6724
42 0 6728
3 0 6730
25 0 6731
26 0 6737
23 0 6741
16 0 6743
35 0 6744
21 0 6746
22 0 6753
32 0 6764
29 0 6772
27 0 6773
6 0 6775
19 0 6778
3 0 6780
40 0 6781
4 0 6783
20 0 6786
39 0 6789
2 0 6797
40 0 6803
21 0 6810
19 0 6811
24 0 6812
10 0 6813
14 0 6814
24 0 6817
11 0 6822
12 0 6827
3 0 6829
13 0 6834
11 0 6838
12 0 6843
6 0 6844
9 0 6845
31 0 6848
8 0 6852
33 0 6855
27 0 6858
16 0 6862
19 0 6863
14 0 6864
8 0 6865
16 0 6866
32 0 6867
16 0 6879
18 0 6886
9 0 6887
14 0 6888
11 0 6889
42 0 6894
17 0 6895
20 0 6900
7 0 6903
16 0 6920
12 0 6924
13 0 6925
4 0 6932
15 0 6933
14 0 6934
12 0 6937
27 0 6940
6 0 6943
8 0 6951
31 0 6953
6 0 6956
22 0 6957
29 0 6958
8 0 6960
26 0 6961
8 0 6963
64 0 6964
41 0 6966
19 0 6968
18 0 6975
11 0 6978
26 0 6984
22 0 6986
26 0 6988
30 0 6990
26 0 6998
36 0 7003
21 0 7012
7 0 7014
43 0 7016
16 0 7018
13 0 7019
27 0 7027
2 0 7028
12 0 7029
10 0 7034
31 0 7036
26 0 7042
35 0 7043
21 0 7045
27 0 7052
5 0 7056
25 0 7062
31 0 7065
47 0 7069
20 0 7070
18 0 7072
30 0 7076
15 0 7077
26 0 7095
17 0 7096
11 0 7097
50 0 7103
47 0 7104
15 0 7107
34 0 7112
25 0 7115
34 0 7117
12 0 7121
36 0 7123
9 0 7125
7 0 7129
8 0 7132
23 0 7133
17 0 7140
16 0 7141
5 0 7144
24 0 7151
2 0 7160
8 0 7161
29 0 7165
23 0 7166
20 0 7169
33 0 7171
40 0 7175
25 0 7177
15 0 7188
5 0 7194
10 0 7197
13 0 7213
31 0 7214
9 0 7218
30 0 7223
5 0 7228
24 0 7232
14 0 7239
8 0 7240
30 0 7243
26 0 7247
2 0 7249
7 0 7252
6 0 7256
20 0 7257
37 0 7259
10 0 7260
23 0 7261
21 0 7269
33 0 7271
9 0 7272
47 0 7273
25 0 7274
4 0 7276
35 0 7280
23 0 7282
53 0 7287
40 0 7288
20 0 7289
5 0 7290
14 0 7292
8 0 7294
35 0 7305
27 0 7318
6 0 7323
10 0 7330
36 0 7332
39 0 7333
16 0 7334
7 0 7342
41 0 7347
21 0 7349
11 0 7351
12 0 7352
7 0 7358
17 0 7366
11 0 7373
7 0 7378
10 0 7387
18 0 7389
41 0 7393
17 0 7407
24 0 7409
20 0 7417
30 0 7434
25 0 7435
29 0 7443
18 0 7448
26 0 7452
6 0 7458
25 0 7459
31 0 7462
26 0 7463
27 0 7465
20 0 7467
15 0 7468
39 0 7470
41 0 7473
15 0 7474
17 0 7483
10 0 7490
32 0 7493
15 0 7496
22 0 7505
7 0 7510
11 0 7513
5 0 7516
12 0 7517
19 0 7518
25 0 7521
5 0 7523
13 0 7527
7 0 7531
29 0 7532
2 0 7533
6 2 7533
21 0 7550
9 0 7563
7 0 7564
11 0 7566
43 0 7570
22 0 7571
24 0 7574
12 0 7575
20 0 7585
36 0 7586
34 0 7591
15 0 7599
28 0 7611
12 0 7618
31 0 7619
15 0 7624
24 0 7625
40 0 7627
9 0 7630
8 0 7632
40 0 7634
7 0 7638
8 0 7646
15 0 7647
10 0 7650
30 0 7653
34 0 7654
7 0 7664
2 0 7668
18 2 7668
15 0 7679
18 0 7680
22 0 7687
26 0 7689
17 0 7695
24 0 7701
16 0 7703
33 0 7707
5 0 7710
9 0 7713
41 0 7718
37 0 7720
24 0 7722
7 0 7724
10 0 7727
8 0 7735
6 0 7739
15 0 7753
18 0 7757
11 0 7760
24 0 7768
2 0 7775
7 0 7780
25 0 7782
6 0 7783
11 0 7786
35 0 7787
8 0 7793
11 0 7802
34 0 7803
20 0 7804
49 0 7806
29 0 7815
32 0 7824
28 0 7826
5 0 7834
17 0 7835
29 0 7841
16 0 7846
10 0 7848
19 0 7852
13 0 7860
22 0 7861
35 0 7866
4 0 7870
20 0 7872
25 0 7875
5 0 7882
6 0 7886
40 0 7887
45 0 7892
5 0 7895
17 0 7896
9 0 7897
15 0 7901
12 0 7903
11 0 7906
32 0 7909
38 0 7914
11 0 7918
53 0 7925
23 0 7926
24 0 7927
13 0 7929
5 0 7932
11 0 7947
3 0 7957
19 0 7963
11 0 7965
11 0 7966
8 0 7967
6 0 7968
14 0 7976
20 0 7980
12 0 7981
8 0 7992
13 0 7993
9 0 7994
21 0 7998
19 0 8001
15 0 8005
11 0 8008
48 0 8010
15 0 8018
23 0 8019
26 0 8025
32 0 8026
34 0 8029
7 0 8031
14 0 8032
28 0 8033
25 0 8037
11 0 8044
11 0 8046
38 0 8047
24 0 8054
27 0 8055
39 0 8063
11 0 8067
23 0 8079
5 0 8080
18 0 8081
9 0 8082
23 0 8086
6 0 8092
8 0 8096
38 0 8097
25 0 8098
16 0 8103
8 0 8106
16 0 8107
13 0 8108
28 0 8111
15 0 8112
37 0 8117
39 0 8121
5 0 8122
13 0 8123
7 0 8129
23 0 8131
17 0 8135
21 0 8136
41 0 8143
13 0 8149
24 0 8151
12 0 8152
40 0 8155
34 0 8156
44 0 8164
8 0 8173
18 0 8175
15 0 8178
19 0 8181
45 0 8187
56 0 8188
16 0 8195
37 0 8199
8 0 8202
11 0 8213
53 0 8214
31 0 8222
12 0 8226
52 0 8236
13 0 8240
33 0 8243
14 0 8245
4 0 8249
10 0 8251
7 0 8253
11 0 8256
6 0 8258
11 0 8272
11 0 8276
16 0 8277
5 0 8279
30 0 8280
20 0 8287
39 0 8292
12 0 8293
17 0 8299
18 0 8301
5 0 8305
18 0 8307
8 0 8308
45 0 8315
10 0 8324
9 0 8329
38 0 8331
30 0 8332
24 0 8343
19 0 8348
32 0 8356
17 0 8368
17 0 8369
21 0 8370
13 0 8380
24 0 8388
36 0 8389
39 0 8392
5 0 8394
19 0 8396
31 0 8399
5 0 8400
11 0 8401
19 0 8402
26 0 8403
11 0 8409
3 0 8418
21 0 8419
23 0 8420
21 0 8424
28 0 8425
23 0 8429
12 0 8432
7 0 8434
21 0 8436
36 0 8439
24 0 8441
6 0 8446
7 0 8456
30 0 8457
6 0 8464
34 0 8465
32 0 8467
18 0 8468
7 0 8474
32 0 8475
51 0 8476
26 0 8480
44 0 8481
4 0 8485
25 0 8487
46 0 8491
18 0 8494
16 0 8499
21 0 8500
40 0 8501
21 0 8508
22 0 8511
40 0 8513
31 0 8514
3 0 8515
13 0 8516
25 0 8517
24 0 8519
14 0 8521
47 0 8523
10 0 8524
16 0 8530
3 0 8531
8 0 8537
13 0 8541
53 0 8542
5 0 8544
32 0 8545
10 0 8550
7 0 8554
3 0 8556
6 0 8561
44 0 8566
28 0 8580
19 0 8581
10 0 8584
6 0 8587
2 0 8588
8 0 8590
40 0 8604
9 0 8605
12 0 8606
16 0 8609
27 0 8610
10 0 8614
4 0 8628
32 0 8636
9 0 8640
9 0 8649
25 0 8653
14 0 8662
9 0 8663
32 0 8664
12 0 8666
11 0 8668
16 0 8670
36 0 8672
4 0 8674
42 0 8677
16 0 8685
29 0 8688
7 0 8691
12 0 8697
34 0 8699
17 0 8701
17 0 8705
11 0 8707
14 0 8708
15 0 8712
21 0 8713
28 0 8714
29 0 8717
12 0 8719
26 0 8720
5 0 8722
6 0 8726
10 0 8735
53 0 8751
16 0 8752
7 0 8754
9 0 8758
38 0 8760
21 0 8761
15 0 8763
25 0 8764
6 0 8765
33 0 8771
37 0 8781
16 0 8784
32 0 8785
11 0 8787
12 0 8793
22 0 8794
29 0 8795
25 0 8796
10 0 8799
5 0 8805
8 0 8808
14 0 8810
20 0 8814
30 0 8820
52 0 8822
27 0 8826
20 0 8828
21 0 8834
37 0 8835
29 0 8836
20 0 8841
46 0 8842
11 0 8852
34 0 8854
7 0 8857
15 0 8860
7 0 8861
17 0 8869
17 0 8874
7 0 8878
7 0 8883
24 0 8886
14 0 8891
25 0 8892
9 0 8897
18 0 8911
28 0 8913
15 0 8915
18 0 8918
14 0 8921
20 0 8924
6 0 8933
30 0 8936
22 0 8941
21 0 8943
9 0 8944
20 0 8946
12 0 8947
3 0 8949
5 0 8958
25 0 8964
18 0 8965
4 0 8968
10 0 8969
24 0 8972
5 0 8974
19 0 8976
33 0 8977
21 0 8982
20 0 9001
11 0 9009
5 0 9018
21 0 9019
22 0 9031
45 0 9035
24 0 9037
37 0 9045
17 0 9047
41 0 9049
8 0 9052
33 0 9054
32 0 9061
26 0 9063
23 0 9064
23 0 9068
51 0 9074
16 0 9075
23 0 9078
8 0 9081
6 0 9091
12 0 9094
45 0 9098
7 0 9099
17 0 9101
17 0 9103
19 0 9104
19 0 9107
23 0 9108
8 0 9109
24 0 9114
31 0 9115
14 0 9116
5 0 9130
29 0 9134
14 0 9135
47 0 9139
30 0 9140
3 0 9142
7 0 9146
60 0 9147
34 0 9149
15 0 9150
28 0 9155
24 0 9161
45 0 9164
38 0 9167
31 0 9174
13 0 9177
19 0 9182
37 0 9184
10 0 9189
10 0 9191
17 0 9201
26 0 9202
22 0 9204
26 0 9205
27 0 9206
35 0 9207
9 0 9211
5 0 9214
5 0 9215
46 0 9219
6 0 9220
11 0 9221
32 0 9225
11 0 9226
52 0 9230
46 0 9231
12 0 9232
35 0 9234
35 0 9237
29 0 9241
15 0 9243
9 0 9248
38 0 9252
14 0 9256
27 0 9259
15 0 9260
9 0 9261
18 0 9262
24 0 9273
12 0 9274
23 0 9277
16 0 9287
26 0 9290
8 0 9292
26 0 9296
13 0 9300
24 0 9309
4 0 9310
33 0 9321
27 0 9323
16 0 9326
38 0 9327
5 0 9328
34 0 9330
17 0 9335
19 0 9336
33 1 9337
14 0 9338
7 0 9339
27 0 9340
35 0 9341
8 0 9342
30 0 9343
11 0 9351
22 0 9354
8 0 9367
8 0 9371
9 0 9372
4 0 9379
18 0 9381
10 0 9385
37 0 9386
39 0 9388
20 0 9391
49 0 9396
20 0 9399
7 0 9412
15 0 9413
13 0 9415
17 0 9416
24 0 9426
23 0 9427
23 0 9432
27 0 9434
8 0 9439
25 0 9441
48 0 9444
28 0 9446
25 0 9449
10 0 9454
38 0 9458
10 0 9460
10 0 9462
20 0 9464
32 0 9472
26 0 9479
35 0 9480
28 0 9481
15 0 9492
8 0 9505
26 0 9506
12 0 9509
15 0 9510
11 0 9512
6 0 9516
48 0 9518
12 0 9525
27 0 9529
24 0 9537
10 0 9539
19 0 9541
38 0 9542
34 0 9548
7 1 9550
40 0 9551
4 0 9553
28 0 9558
20 0 9562
10 0 9564
7 0 9568
35 0 9569
33 0 9573
40 0 9590
43 0 9594
6 0 9596
25 0 9602
15 0 9606
14 0 9607
3 0 9608
12 0 9615
11 0 9620
26 0 9630
22 0 9638
19 0 9645
17 0 9646
41 0 9647
7 0 9650
50 0 9656
6 0 9659
35 0 9662
21 0 9663
16 0 9664
28 0 9667
5 0 9674
12 0 9687
5 0 9688
10 0 9691
12 0 9694
9 0 9695
57 0 9700
2 0 9705
17 0 9715
17 0 9719
11 0 9720
15 0 9723
9 0 9724
21 0 9725
10 0 9732
6 0 9735
39 0 9746
17 0 9749
48 0 9756
4 0 9757
13 0 9759
5 0 9761
16 0 9762
7 0 9773
31 0 9774
29 0 9776
16 0 9777
22 0 9778
25 0 9781
14 0 9783
7 0 9789
24 0 9791
34 0 9811
36 0 9818
14 0 9820
4 0 9824
11 0 9831
49 0 9833
20 0 9835
26 0 9836
15 0 9837
46 0 9842
15 0 9851
13 0 9852
5 0 9857
22 0 9862
37 0 9863
28 0 9870
8 0 9871
2 0 9879
13 0 9883
29 0 9885
16 0 9886
18 0 9893
37 0 9901
36 0 9905
10 0 9909
36 0 9910
6 0 9914
7 0 9915
11 0 9917
44 0 9918
29 0 9922
27 0 9924
5 0 9925
9 0 9928
16 0 9929
15 0 9931
17 0 9939
8 0 9950
30 0 9953
9 0 9954
3 0 9957
23 0 9961
19 0 9970
21 0 9975
45 0 9980
24 0 9982
32 0 9984
9 0 9989
8 0 9996
