10 6 0
12 369 10
7 5 11
2 142 11
2 90 35
2 93 50
2 843 50
8 368 53
2 415 53
18 3 54
3 476 54
21 757 54
3 917 54
26 515 55
2 1056 55
8 1312 55
10 655 64
14 715 64
4 82 65
3 146 65
9 1068 65
11 1698 65
4 2025 65
2 2036 65
2 2134 65
2 2193 65
3 4660 65
3 278 68
20 1 73
3 16 73
2 321 73
6 422 73
2 539 73
4 1332 73
2 1342 73
4 3827 73
2 302 76
11 310 76
2 603 76
4 608 76
25 322 103
2 1984 103
9 2205 103
13 4260 103
2 4958 103
2 6689 103
8 142 124
14 805 124
23 1176 130
6 1419 130
12 2282 130
10 11 131
2 49 134
19 465 134
9 1 137
6 52 137
5 67 137
2 107 151
7 446 151
2 599 151
2 883 151
2 1229 157
3 1705 157
6 4 161
4 23 161
16 145 161
8 1468 161
2 1527 161
13 40 165
2 93 165
6 1 167
4 463 167
10 889 167
2 909 167
7 917 167
6 962 167
2 1018 167
7 1032 167
2 1296 167
10 1343 167
3 348 171
7 2828 171
14 3367 171
2 3463 171
2 4384 171
2 5049 171
3 5806 171
6 4 173
2 12 173
4 18 173
3 31 173
9 36 173
7 224 173
17 234 173
12 370 173
7 3034 173
11 3048 173
2 3059 173
2 134 182
2 231 213
3 2571 237
3 3079 237
7 45 247
2 56 247
13 200 247
8 1114 247
11 2298 247
2 2319 247
7 2557 247
3 2574 247
2 1 248
13 2938 255
8 3098 255
2 3774 255
9 4026 255
11 4107 255
2 30 259
11 1283 269
2 1351 269
21 397 270
3 552 270
2 567 270
2 1272 270
3 1290 270
2 465 271
16 476 271
10 520 271
6 675 271
17 1192 271
13 1277 271
3 55 272
5 706 272
5 619 283
5 394 285
3 10 289
3 150 289
5 246 290
6 1112 290
5 8 299
6 3491 318
5 4 334
8 12 334
7 25 334
2 393 334
4 1732 334
9 1808 334
2 1818 334
12 1946 334
18 2033 334
2 3204 334
2 3584 334
7 3599 334
6 3776 334
15 163 345
6 660 348
21 1148 351
6 1364 351
3 1454 351
2 1739 351
4 1966 351
2 2307 351
5 6967 352
2 6968 352
6 8304 352
4 8 358
4 224 358
6 493 358
2 1508 358
3 1950 358
4 1977 358
4 1988 358
12 25 366
13 92 366
8 259 366
2 697 366
6 766 367
10 2271 367
6 2654 367
2 2784 367
2 2788 367
4 4 371
5 118 371
4 26 372
3 2 380
2 339 380
7 367 380
2 383 380
6 709 380
4 903 380
10 26 395
4 376 395
6 488 395
2 541 395
7 624 395
5 628 395
2 909 395
6 1027 395
3 1483 395
4 1491 395
20 1498 395
7 2710 395
8 2729 395
4 2731 395
18 179 410
6 369 410
8 1351 410
3 2289 410
2 2335 410
14 2 420
2 156 420
13 834 420
7 2 437
3 5 437
8 409 437
3 3260 437
2 101 456
9 112 456
3 362 456
13 861 456
5 1020 456
2 1126 456
6 11 457
4 1749 457
3 1820 457
2 2246 457
2 2248 457
31 2406 457
2 2409 457
4 2420 457
3 2430 457
2 2447 457
2 2542 457
4 2872 457
8 5675 457
3 5710 457
3 5724 457
6 426 459
6 435 459
8 197 470
2 388 474
3 567 474
4 1643 474
2 565 475
4 571 475
2 1285 475
9 2362 475
5 4125 475
3 4139 475
14 6150 475
2 6216 475
2 806 492
5 1385 505
3 375 522
32 165 539
2 614 539
3 183 562
2 311 562
8 454 562
2 455 562
2 470 562
2 473 562
3 545 562
2 785 562
3 2535 562
4 2899 562
2 3015 562
2 665 568
2 891 568
3 3328 568
10 4 573
2 15 573
5 223 573
3 1371 573
4 2564 573
3 5415 573
3 5417 573
9 5570 573
10 5588 573
6 6 580
13 7880 580
2 8757 580
10 8762 580
2 8830 580
2 8837 580
8 9630 580
3 821 585
5 970 585
9 81 586
39 138 586
3 432 586
12 448 586
4 900 586
11 3 590
2 121 590
12 856 590
3 874 590
28 2447 590
4 2672 590
5 3003 590
4 9 604
2 60 604
4 167 604
6 923 614
10 1107 614
15 1475 614
2 1600 614
5 1850 614
3 2148 614
2 2170 614
4 30 623
2 157 623
2 672 623
15 759 623
4 367 631
6 504 631
5 557 631
9 593 631
8 2542 631
5 2552 631
2 2563 631
2 2577 631
7 2 650
3 1166 650
3 69 655
4 373 655
11 662 655
2 690 655
3 883 655
7 19 657
8 8 664
5 96 664
5 160 664
11 21 704
8 580 704
4 739 704
9 821 704
3 1263 704
12 2096 704
2 2405 704
13 2424 704
3 2472 704
2 2479 704
10 2561 704
3 4 726
11 485 738
5 530 738
2 2 753
6 40 753
4 168 753
5 2344 753
2 2699 753
11 1162 755
6 1322 755
10 1512 755
3 1605 755
3 1632 755
9 188 760
11 1876 761
3 2197 761
2 281 769
16 1213 769
3 1219 769
3 1639 769
3 1803 769
3 2659 769
9 2915 769
11 1621 772
2 1819 772
20 2183 772
8 2784 772
2 811 782
4 1572 782
5 1889 782
2 3 788
5 11 788
6 415 788
9 470 788
2 485 788
6 592 788
6 662 788
3 2302 788
2 2376 788
6 2393 788
14 3 792
5 249 792
2 1008 792
4 2084 792
3 43 801
3 204 801
2 209 801
7 1431 820
8 1532 820
3 1973 820
5 171 826
3 262 826
2 839 826
6 1604 826
2 2007 835
2 103 838
9 181 838
2 213 838
8 189 844
2 365 848
4 18 851
2 9 877
3 950 877
6 1005 877
6 1009 877
8 2170 877
3 2512 877
5 4645 877
2 81 883
4 85 883
2 142 883
2 157 883
11 550 883
2 571 883
5 1198 883
2 1512 883
15 2683 883
7 2698 883
7 6 884
8 33 884
4 59 884
2 56 895
2 1 913
3 846 913
4 850 913
3 855 913
8 16 928
2 766 928
5 4816 928
5 5075 928
2 5548 928
2 111 937
6 215 937
4 225 937
5 1581 937
6 1622 937
20 2054 937
4 2214 937
4 2602 937
4 13 944
6 839 944
3 851 944
3 895 944
9 898 944
14 1339 944
4 2946 944
3 3114 944
16 4237 944
3 4284 944
16 4290 944
5 4591 944
2 4694 944
8 4704 944
19 462 955
19 1438 955
6 2 965
6 451 965
3 1058 965
12 1079 965
6 1111 965
5 1114 965
6 1189 965
5 2844 965
12 25 971
2 66 971
15 630 971
3 639 971
3 7 979
4 13 979
14 567 979
3 944 979
2 2597 996
7 6 1013
6 24 1013
6 1437 1013
2 1021 1026
15 52 1029
2 74 1029
12 1 1030
11 91 1030
3 107 1030
2 202 1030
8 432 1030
13 96 1036
9 475 1036
12 617 1036
15 120 1039
2 7 1054
9 11 1054
10 118 1054
11 437 1054
2 487 1054
10 1212 1065
2 1265 1065
6 1097 1074
15 1163 1074
4 1233 1074
5 1317 1074
8 1506 1074
2 1564 1074
5 2618 1074
3 256 1080
3 827 1080
3 835 1080
4 898 1080
6 1070 1080
6 1129 1080
5 1434 1080
6 1526 1080
4 1675 1080
8 2130 1080
7 2172 1080
9 2270 1080
6 2533 1080
5 8505 1080
2 3537 1083
3 1529 1087
8 2269 1087
2 4000 1101
7 154 1126
10 392 1126
2 456 1126
3 1910 1126
9 2108 1126
6 2124 1126
3 2236 1126
3 5 1128
22 4033 1128
5 4037 1128
3 4196 1128
2 4420 1128
2 4831 1128
3 53 1157
2 750 1189
8 4 1245
5 412 1245
6 2257 1245
12 4789 1245
2 4853 1245
2 4860 1245
3 5103 1245
2 5367 1245
2 5577 1245
5 1180 1266
5 1901 1266
20 1940 1266
10 2034 1266
11 54 1269
3 56 1269
11 80 1269
3 142 1269
5 171 1269
2 180 1269
2 627 1269
13 4 1271
9 191 1271
10 1066 1271
17 1088 1271
3 186 1280
2 5 1292
13 645 1292
3 721 1292
4 1423 1292
5 1531 1292
3 362 1293
3 638 1295
6 353 1315
3 364 1315
2 382 1315
7 625 1315
4 1542 1315
2 1558 1315
2 1577 1315
9 2343 1315
2 4731 1315
4 879 1323
14 1026 1323
2 1104 1323
2 1230 1323
2 1253 1323
14 2438 1323
2 2611 1323
2 3 1326
12 6 1326
2 50 1326
9 94 1326
5 2552 1326
2 2555 1326
2 2662 1326
2 2685 1326
3 2689 1326
7 2702 1326
2 2818 1326
3 3091 1326
13 14 1335
5 251 1335
8 293 1335
3 610 1335
9 1177 1335
2 1291 1335
2 1475 1335
4 1489 1335
2 417 1345
18 3 1371
7 5 1374
11 71 1374
21 86 1374
4 173 1374
9 448 1374
2 1125 1374
15 2018 1374
3 2039 1374
2 2067 1374
3 5359 1380
6 119 1391
3 7 1404
8 516 1404
2 1160 1404
8 2329 1404
4 209 1407
5 217 1407
15 212 1411
2 883 1411
7 1026 1411
2 1 1418
4 13 1418
3 22 1418
9 9150 1418
2 9209 1418
2 9219 1418
13 13 1420
2 20 1420
2 49 1420
5 548 1420
4 1220 1420
11 1338 1420
2 1370 1420
3 1536 1420
2 1594 1420
15 1616 1420
8 2451 1420
3 2469 1420
2 3198 1420
3 3210 1420
13 3232 1420
2 3764 1420
2 3770 1420
2 635 1435
8 681 1435
13 766 1435
4 1371 1435
8 1427 1435
5 1713 1435
3 2248 1435
5 2753 1435
10 2800 1435
4 3000 1435
3 3114 1435
22 3492 1435
3 3522 1435
4 3528 1435
2 3554 1435
2 3557 1435
7 3907 1435
2 3978 1435
2 3991 1435
2 1925 1450
6 60 1458
13 109 1458
3 119 1458
2 223 1458
2 2866 1458
3 2878 1458
9 10 1459
2 177 1459
4 182 1459
2 189 1459
2 224 1459
7 1460 1459
3 1475 1459
9 1508 1459
3 2155 1459
2 2311 1459
3 721 1463
2 9 1465
19 24 1465
5 280 1465
10 290 1465
2 370 1465
11 3662 1465
2 1962 1466
19 5 1482
2 261 1482
6 676 1482
7 3844 1482
2 8 1487
11 58 1487
9 691 1487
6 764 1487
6 959 1492
3 2501 1492
11 446 1497
7 2140 1497
3 2736 1497
14 2777 1497
2 2796 1497
3 2897 1497
2 3721 1497
6 3824 1497
2 404 1499
4 24 1501
11 173 1502
2 177 1502
4 420 1502
9 706 1502
2 719 1502
4 830 1502
6 1033 1510
7 11 1514
3 35 1514
9 50 1514
7 836 1514
8 285 1528
3 2050 1528
21 2 1564
5 19 1564
5 540 1564
16 619 1564
18 1 1627
3 91 1627
4 404 1627
5 422 1627
5 2294 1627
3 3094 1627
4 3137 1627
5 295 1634
6 695 1634
3 2469 1634
12 2997 1634
6 161 1635
4 168 1635
6 221 1635
4 222 1635
11 4107 1641
9 4221 1641
18 5106 1641
3 5821 1641
11 170 1651
7 1883 1651
3 1887 1651
2 1895 1651
7 2909 1666
5 5170 1666
7 246 1675
4 1 1722
2 32 1722
5 470 1722
10 3 1753
2 162 1753
5 167 1753
2 393 1753
6 2 1757
7 561 1778
10 590 1778
5 1123 1778
4 1130 1778
3 131 1800
5 786 1802
2 1045 1802
4 1908 1802
5 1921 1802
2 2098 1802
3 2101 1802
5 2829 1802
3 2865 1802
2 2971 1802
7 126 1807
7 332 1808
4 563 1808
3 2161 1808
3 2165 1808
4 2701 1808
2 2810 1808
4 3023 1808
7 3812 1808
3 4168 1808
4 6294 1808
18 10 1810
2 32 1810
7 222 1810
13 3078 1810
2 3119 1810
2 3182 1810
3 5267 1810
2 5269 1810
6 94 1815
2 102 1815
3 2941 1825
7 30 1851
3 47 1851
4 94 1851
3 103 1851
8 299 1851
13 315 1851
3 554 1851
8 686 1851
7 765 1851
3 966 1851
4 1379 1851
7 1522 1851
10 2005 1851
7 3957 1851
4 4373 1851
2 4389 1851
20 6187 1851
2 6224 1851
3 12 1858
6 3 1866
3 61 1866
2 72 1866
3 76 1866
10 766 1866
3 767 1866
13 773 1866
7 835 1866
4 312 1891
2 359 1891
2 2804 1891
2 5155 1903
2 5677 1903
9 7 1910
4 72 1910
12 506 1910
2 548 1910
3 558 1910
9 584 1910
2 1096 1910
6 1344 1913
7 1351 1913
4 6 1943
2 1668 1943
5 1777 1943
3 19 1955
2 2527 1955
3 2673 1955
2 4226 1955
16 4346 1955
7 4915 1955
2 4956 1955
33 2 1958
2 18 1958
2 123 1958
2 166 1958
2 252 1958
3 883 1958
11 3600 1958
4 4040 1958
2 4146 1958
7 13 1973
3 1011 1973
2 6 1976
4 1473 1976
5 1954 1976
2 1960 1976
5 2590 1976
2 3488 1976
2 3550 1976
3 137 1993
2 2596 1993
2 2607 1993
2 3817 1993
19 370 2000
10 13 2003
11 328 2014
2 354 2014
3 382 2014
5 754 2014
11 793 2014
2 857 2014
4 917 2014
13 1418 2014
2 1419 2014
5 1423 2014
4 1541 2014
5 1622 2014
3 2 2026
2 21 2026
20 50 2026
11 1044 2026
3 1138 2026
5 1426 2026
6 4 2027
3 145 2027
17 165 2027
5 295 2027
12 305 2027
4 329 2027
4 372 2027
14 900 2027
3 1140 2027
2 1335 2027
4 1536 2027
5 1567 2027
9 1243 2037
11 1366 2037
4 1926 2037
15 2408 2037
3 4980 2037
2 4999 2037
7 5010 2037
10 5109 2037
10 5486 2037
10 5694 2037
4 6213 2037
3 7559 2037
4 7647 2037
9 7657 2037
2 8 2040
3 141 2040
2 1510 2040
8 3623 2040
2 4772 2041
12 3 2046
3 741 2046
16 421 2054
9 48 2061
10 237 2070
3 287 2070
26 364 2070
6 2 2077
6 44 2077
3 128 2078
2 820 2078
11 68 2082
2 522 2082
6 529 2082
5 544 2082
5 913 2082
7 955 2082
5 1397 2082
4 1634 2082
3 291 2101
12 302 2101
2 915 2101
6 923 2101
3 1088 2101
9 1247 2101
8 3041 2101
2 3061 2101
4 3068 2101
19 268 2102
9 839 2102
14 1057 2102
2 1086 2102
7 2476 2102
5 3554 2102
4 3873 2102
4 17 2121
8 167 2121
7 189 2121
22 1 2133
6 76 2133
4 307 2133
2 442 2133
2 3 2137
2 406 2137
18 553 2137
4 5 2140
3 7 2140
6 98 2140
5 672 2140
3 1140 2140
10 1147 2140
8 1786 2140
9 1801 2140
2 1815 2140
2 1843 2140
2 211 2142
6 403 2142
9 2003 2142
2 2061 2142
6 222 2160
27 1072 2160
2 1138 2160
3 1156 2160
13 1093 2161
2 1565 2161
3 1582 2161
8 1742 2161
19 1833 2161
2 1909 2161
3 2037 2161
2 6 2166
8 71 2166
11 532 2166
14 2263 2166
6 2439 2166
4 4774 2166
3 4879 2166
2 4884 2166
5 4891 2166
12 5025 2166
22 5212 2166
5 223 2168
3 4 2174
2 25 2174
3 185 2174
2 375 2195
3 396 2195
6 300 2200
6 13 2209
4 502 2209
3 166 2215
6 1663 2215
3 1671 2215
4 1673 2215
2 2740 2215
2 2916 2215
2 2981 2215
6 3019 2215
3 3701 2215
14 4602 2215
5 6492 2215
2 6586 2215
17 6595 2215
4 6648 2215
2 6887 2215
3 6891 2215
4 5 2217
7 322 2217
5 1101 2220
4 1157 2220
2 1251 2220
4 1616 2220
3 1652 2220
2 2191 2220
2 6 2222
16 406 2232
10 17 2236
2 81 2236
3 1129 2245
6 1183 2245
9 1262 2245
2 279 2254
3 307 2254
3 355 2254
4 848 2254
3 3155 2254
6 3384 2254
2 3388 2254
13 4144 2254
5 807 2262
9 1 2264
3 5 2276
5 25 2276
3 242 2276
16 523 2276
4 553 2276
2 6 2297
2 7 2297
4 10 2297
2 140 2299
2 146 2299
3 231 2299
2 245 2299
15 515 2299
2 1032 2299
7 104 2304
6 8 2312
2 51 2312
5 114 2312
10 821 2312
2 703 2322
9 713 2322
6 4240 2322
4 7 2324
8 669 2324
2 801 2324
4 807 2324
4 882 2324
5 1017 2324
3 2339 2324
7 2446 2324
12 5 2351
2 21 2351
2 220 2351
2 233 2351
4 600 2351
11 694 2351
2 698 2351
11 803 2351
15 1042 2351
2 1082 2351
3 1350 2351
5 174 2359
3 12 2369
2 78 2369
2 328 2369
11 382 2369
13 398 2369
2 453 2369
5 1480 2369
5 1 2371
7 2462 2375
3 3 2380
5 4 2395
4 84 2395
2 337 2395
10 987 2395
2 989 2395
7 1030 2395
4 9 2409
18 950 2409
14 3 2410
5 262 2410
9 1130 2410
2 1143 2410
3 3398 2410
10 4574 2410
3 4599 2410
15 4607 2410
4 5341 2410
2 3309 2411
3 99 2420
6 387 2420
9 502 2420
3 77 2423
4 9 2436
7 192 2440
2 195 2440
2 366 2440
5 556 2440
10 694 2441
2 714 2441
5 718 2441
2 720 2441
5 8 2459
4 67 2459
13 114 2459
2 2850 2459
6 2857 2459
6 2915 2459
3 2990 2459
13 93 2480
3 281 2480
6 5 2482
7 2525 2482
2 2709 2482
4 7 2488
2 16 2488
8 743 2488
4 770 2488
9 3405 2488
5 3484 2488
4 3508 2488
4 3516 2488
25 287 2492
2 353 2492
16 685 2492
5 1070 2492
2 1208 2492
12 1272 2492
22 1731 2492
16 2006 2492
27 1 2511
6 513 2511
7 3 2522
5 267 2522
5 1195 2522
6 1386 2522
9 2383 2522
4 2389 2522
3 583 2527
14 810 2527
3 913 2527
9 967 2527
2 1037 2527
3 2 2533
5 92 2533
3 104 2533
4 114 2533
2 1074 2533
8 3984 2533
11 4403 2533
12 5428 2533
10 5483 2533
7 5485 2533
2 5868 2533
13 5886 2533
4 6170 2533
9 1091 2539
3 15 2549
2 19 2549
2 113 2549
18 427 2549
2 470 2549
9 1084 2549
9 1253 2549
3 1369 2549
2 1373 2549
2 3066 2549
2 3515 2549
21 3544 2549
4 1362 2581
10 4 2612
4 561 2612
5 581 2612
15 90 2622
3 357 2622
6 477 2638
12 158 2660
18 244 2660
2 294 2660
2 4379 2678
4 585 2683
2 28 2685
3 114 2685
7 152 2685
14 177 2685
3 547 2685
2 551 2685
9 556 2685
12 1538 2685
3 1753 2685
2 1820 2685
6 1877 2685
4 1895 2685
6 5 2686
11 81 2686
7 690 2686
8 1315 2686
7 1330 2686
9 1502 2686
3 1562 2686
5 3879 2686
2 3888 2686
5 3900 2686
3 3 2687
8 281 2687
5 295 2687
5 785 2687
2 7 2690
3 9 2690
2 40 2690
4 1158 2690
3 1428 2690
2 2166 2690
3 144 2693
7 1463 2693
8 1525 2693
3 2122 2693
3 2168 2693
4 2200 2693
3 3371 2693
11 3759 2693
2 4355 2693
3 4596 2693
4 4673 2693
10 4939 2693
3 5301 2693
3 5387 2693
6 5449 2693
2 96 2694
2 101 2694
2 89 2738
4 271 2760
10 282 2766
2 515 2766
4 1060 2766
2 1230 2766
8 1566 2766
7 568 2767
4 52 2787
5 228 2787
3 78 2790
2 84 2790
11 181 2790
2 489 2790
2 83 2796
3 255 2796
17 408 2796
15 747 2796
2 8 2803
3 8 2819
6 266 2820
10 147 2856
16 2 2859
11 45 2859
14 1134 2859
3 2088 2859
9 2787 2859
2 2941 2859
34 2 2861
3 4646 2861
5 15 2862
12 349 2862
19 366 2862
4 378 2862
2 453 2862
6 765 2862
2 2001 2862
11 2483 2862
4 4763 2862
2 4773 2862
5 4885 2862
2 5334 2862
2 5390 2862
2 5398 2862
4 5879 2862
7 6391 2862
13 2 2869
7 871 2869
4 1012 2869
17 1332 2869
4 5164 2869
2 6312 2869
3 128 2876
6 7 2900
3 11 2900
2 603 2900
4 804 2900
16 813 2900
5 596 2911
2 644 2911
6 656 2911
2 1 2925
2 131 2936
8 165 2944
8 850 2944
9 95 2957
14 186 2957
2 249 2957
4 415 2957
2 547 2957
8 1044 2957
4 2297 2957
20 251 2960
3 7 2971
2 419 2971
14 715 2971
2 523 2975
6 569 2975
8 41 2976
5 502 2985
3 510 2985
4 553 2985
4 1088 2985
2 1341 2985
4 1447 2985
7 2096 2985
2 2598 2985
3 2632 2985
9 1 2997
4 66 2997
8 351 2997
3 553 2997
7 719 2997
2 736 2997
5 1027 2997
2 1078 2997
3 5 2999
2 10 2999
4 222 2999
15 676 2999
3 1359 2999
5 1936 2999
7 1953 2999
2 1439 3003
3 1459 3003
3 38 3006
2 874 3006
2 5279 3016
2 11 3019
5 2727 3019
2 3 3023
9 314 3023
2 1246 3023
3 1342 3023
3 1654 3024
5 1722 3024
2 321 3028
8 367 3028
8 5 3029
11 60 3029
3 83 3029
6 89 3029
2 1209 3029
6 1253 3029
3 1369 3029
23 1481 3029
3 1493 3029
2 4218 3029
17 26 3032
2 71 3032
9 109 3032
4 627 3032
5 698 3032
5 224 3061
5 309 3061
6 745 3061
15 749 3061
3 921 3061
4 277 3079
2 85 3085
2 114 3085
2 559 3085
2 6 3099
6 380 3099
10 433 3099
7 16 3105
2 24 3105
2 30 3105
2 85 3105
6 167 3105
5 378 3105
10 538 3105
2 554 3105
5 824 3105
2 925 3105
3 985 3105
12 506 3108
3 522 3108
19 85 3109
4 128 3109
2 130 3111
2 1163 3111
5 934 3116
2 1081 3120
2 4460 3127
2 11 3129
10 23 3129
2 40 3129
2 164 3129
3 575 3129
4 2013 3129
5 2020 3129
6 19 3132
26 1109 3132
3 1330 3132
8 81 3143
3 178 3143
2 786 3143
3 1185 3143
5 321 3149
7 399 3149
3 441 3149
5 492 3149
6 527 3149
11 81 3169
9 255 3176
5 803 3182
18 1334 3182
2 1348 3182
2 1752 3182
2 1796 3182
4 910 3196
4 2189 3196
24 2563 3196
5 2600 3196
5 4 3204
4 112 3204
16 130 3204
3 349 3204
3 467 3204
2 583 3204
3 698 3204
2 708 3204
7 725 3204
14 911 3204
9 1176 3204
3 1275 3204
2 1787 3204
5 1792 3204
2 1825 3204
2 2625 3204
8 2641 3204
2 4015 3204
4 4077 3204
15 4105 3204
2 4389 3204
2 369 3214
11 423 3214
3 540 3214
7 549 3214
4 573 3214
2 603 3214
3 5896 3229
4 6067 3229
2 6228 3229
6 65 3232
23 8 3242
9 943 3242
3 956 3242
4 4416 3242
2 4460 3242
2 139 3245
8 177 3245
3 1132 3252
2 1139 3252
13 1523 3252
2 18 3262
13 937 3262
4 973 3262
2 986 3262
2 993 3262
4 1000 3262
2 1001 3262
6 591 3264
13 1837 3264
4 185 3266
8 422 3266
2 1030 3266
5 1513 3266
6 2060 3266
7 1303 3292
10 2050 3292
8 2362 3292
2 2572 3292
7 59 3300
2 1787 3300
5 13 3319
2 516 3319
7 41 3320
18 66 3320
11 423 3320
11 530 3320
5 599 3320
2 294 3339
7 438 3339
7 662 3339
2 1118 3339
8 1123 3339
11 1163 3339
6 242 3349
8 1394 3349
2 1411 3349
4 1914 3349
2 2015 3349
9 329 3350
5 43 3354
3 58 3358
4 5 3360
2 12 3360
2 15 3360
11 488 3360
4 518 3360
8 961 3360
6 2268 3360
3 2946 3360
2 1537 3362
20 1816 3362
15 4160 3362
2 4263 3362
2 4343 3362
3 7544 3362
4 415 3378
7 1110 3378
4 1167 3378
20 1190 3378
3 2138 3378
10 10 3379
2 310 3379
6 893 3379
7 904 3379
11 1882 3379
5 1919 3379
2 2134 3379
3 2140 3379
5 2691 3379
2 8 3386
18 259 3386
4 284 3386
7 327 3386
4 997 3386
30 725 3398
2 834 3398
5 863 3398
3 898 3398
5 1732 3398
6 8213 3398
3 8233 3398
2 8241 3398
9 8251 3398
8 24 3401
6 127 3401
2 548 3401
13 134 3402
21 158 3402
6 231 3402
3 398 3402
2 739 3402
2 742 3402
13 751 3402
8 1508 3402
16 2100 3402
22 2136 3402
15 41 3410
4 186 3410
2 200 3410
5 481 3410
5 648 3410
12 3690 3410
2 3811 3410
4 244 3447
15 1052 3447
3 1348 3447
14 1819 3447
7 3439 3447
10 9 3459
4 176 3459
2 420 3459
3 620 3459
5 53 3461
13 1102 3461
10 1130 3461
3 1170 3461
3 1177 3461
2 3719 3461
4 3830 3461
4 3837 3461
10 79 3466
4 132 3466
2 149 3466
8 1982 3466
7 2637 3466
3 2647 3466
8 3511 3466
5 3908 3466
17 137 3473
10 151 3473
2 264 3473
3 267 3473
7 230 3478
2 2145 3478
2 2638 3478
6 5334 3478
2 778 3487
3 3 3494
2 1086 3494
6 1340 3494
20 1658 3494
3 1933 3494
7 371 3497
12 16 3516
2 67 3516
3 137 3516
5 3 3532
11 213 3532
3 381 3532
3 541 3532
12 732 3532
15 2057 3532
3 2245 3532
15 13 3534
2 1315 3534
2 1393 3534
3 1990 3538
3 1998 3540
7 652 3589
3 693 3589
3 948 3589
4 2249 3589
4 3214 3589
3 3235 3589
2 3238 3589
3 3275 3589
2 6438 3589
2 6985 3589
6 7458 3589
2 9993 3589
3 477 3590
2 489 3590
7 1065 3590
10 2979 3590
11 3006 3590
2 4358 3590
5 4403 3590
2 351 3598
4 1490 3598
9 3248 3598
8 765 3609
4 1303 3609
3 2873 3609
4 3256 3609
3 3264 3609
13 117 3611
4 388 3625
11 1595 3625
2 1650 3625
5 1764 3625
2 1768 3625
7 1839 3625
2 6182 3625
2 26 3627
4 556 3657
15 1950 3657
11 2080 3657
20 3311 3657
13 3603 3657
8 3940 3657
3 4655 3657
3 1 3670
20 11 3670
2 297 3670
3 320 3670
3 345 3670
4 355 3670
8 361 3670
21 422 3670
16 758 3670
3 1609 3670
4 2095 3670
4 2182 3670
9 863 3671
12 6 3704
8 159 3704
3 323 3704
2 1384 3704
4 1716 3704
2 1721 3704
3 1779 3704
5 3136 3704
2 3300 3704
5 3311 3704
2 4097 3704
2 4111 3704
28 4126 3704
2 4210 3704
2 4954 3704
7 1 3713
19 1735 3720
2 1760 3720
4 2135 3720
2 2680 3720
20 3934 3720
4 4171 3720
2 4341 3720
3 453 3794
8 526 3794
11 1023 3794
4 113 3799
2 630 3804
9 16 3807
14 2548 3807
8 2770 3807
3 2842 3807
6 2883 3807
3 2886 3807
2 4330 3807
4 4336 3807
10 3 3825
8 342 3825
3 314 3830
2 319 3830
2 650 3830
4 706 3830
3 864 3830
19 919 3830
2 929 3830
2 180 3844
10 219 3844
17 1191 3844
3 1202 3844
2 1258 3844
4 1284 3844
6 1434 3844
2 1551 3844
2 1581 3844
3 2198 3844
9 1071 3886
3 2065 3886
5 2500 3886
15 2574 3886
21 2647 3886
7 3080 3886
8 3142 3886
2 4798 3886
15 4803 3886
2 4811 3886
5 686 3913
10 27 3914
6 514 3914
14 2629 3914
2 3531 3914
23 199 3948
2 373 3948
4 381 3948
7 418 3948
13 671 3948
6 105 3956
2 5 3959
4 223 3959
10 461 3959
2 1178 3959
3 1200 3959
5 1842 3959
4 3095 3959
11 4 3967
4 59 3967
2 119 3967
10 2340 3967
20 372 3973
7 688 3973
4 818 3973
18 2996 3973
13 269 3986
6 593 3986
5 600 3986
2 606 3986
2 611 3986
4 4226 3986
4 4296 3986
2 455 3997
24 784 3997
4 1042 3997
2 2066 3997
3 21 4020
2 2 4025
18 43 4025
2 144 4025
26 477 4025
6 962 4025
2 1037 4025
2 1280 4025
7 1644 4025
2 1672 4025
4 1735 4025
9 1845 4025
3 2232 4025
8 2340 4025
2 2370 4025
3 2372 4025
2 7 4030
7 2237 4030
2 2251 4030
4 2312 4030
8 3864 4030
3 4150 4030
2 4158 4030
9 4162 4030
6 4800 4030
2 2046 4042
3 4494 4042
8 4630 4042
5 7 4046
4 23 4046
16 2017 4046
2 2085 4046
3 2122 4046
2 2214 4046
2 9 4047
6 17 4047
6 1059 4047
3 1072 4047
8 1146 4047
2 1183 4047
2 1223 4047
13 46 4092
18 139 4092
2 8 4107
14 2095 4107
4 2481 4107
2 3085 4107
2 1137 4115
2 6 4118
2 12 4118
2 16 4118
15 20 4118
6 277 4118
8 356 4118
6 1277 4118
8 3176 4118
16 254 4122
2 758 4122
7 1019 4122
2 1215 4122
2 1252 4122
3 1357 4126
16 676 4138
2 316 4147
7 877 4147
13 4291 4166
2 4442 4166
7 5140 4166
3 5284 4166
3 3 4177
20 56 4177
2 90 4177
21 818 4177
2 7862 4177
2 5 4196
5 489 4196
6 925 4196
7 1120 4196
2 1827 4196
8 72 4200
2 167 4200
10 188 4200
13 2983 4200
2 3018 4200
2 3096 4200
2 3114 4200
10 3123 4200
2 3 4203
5 9 4203
2 53 4203
2 2466 4203
13 2659 4203
14 3294 4203
2 3385 4203
27 3409 4203
6 3439 4203
13 4 4211
7 24 4211
3 64 4211
4 197 4222
11 328 4225
25 832 4225
5 1165 4225
9 1234 4225
9 7 4237
21 3802 4237
4 4630 4237
4 4651 4237
2 4720 4237
14 4841 4237
4 7139 4237
4 518 4243
6 844 4243
7 913 4243
2 924 4243
6 1300 4243
2 1660 4243
10 1779 4243
2 1791 4243
3 1826 4243
8 1833 4243
8 2088 4243
4 2694 4243
3 3235 4243
2 191 4246
8 614 4246
13 664 4246
3 859 4246
14 1110 4246
16 1254 4246
2 1314 4246
3 1332 4246
6 1534 4246
2 223 4248
2 288 4248
5 526 4248
2 813 4248
8 24 4252
7 1675 4252
9 2098 4252
2 2112 4252
3 366 4260
4 1158 4260
3 16 4262
32 6 4271
3 22 4271
2 109 4271
2 188 4271
3 327 4271
2 361 4271
2 821 4271
2 826 4271
2 1083 4271
5 321 4280
8 2328 4280
10 2405 4280
2 2884 4280
5 2938 4280
6 3577 4280
8 16 4292
2 25 4292
7 37 4292
4 604 4292
5 790 4292
6 845 4292
6 849 4292
3 859 4292
2 514 4320
2 1 4326
4 53 4326
4 3111 4326
11 3127 4326
12 3200 4326
10 3511 4326
10 3621 4326
8 3630 4326
16 5181 4326
4 5452 4326
2 5 4338
2 465 4338
2 470 4338
3 478 4338
5 593 4338
2 599 4338
6 843 4338
3 3208 4338
10 3257 4338
12 3738 4338
2 9 4340
9 782 4340
3 1004 4340
12 4 4344
2 299 4344
7 556 4344
3 259 4351
6 681 4351
8 744 4351
39 6 4365
3 219 4365
7 1682 4365
2 4205 4365
6 5270 4365
34 24 4369
3 197 4369
3 177 4370
5 50 4380
5 135 4380
4 917 4380
6 958 4380
6 970 4380
2 976 4380
4 1030 4380
13 1058 4380
2 1315 4380
12 1368 4380
9 1819 4380
3 4924 4380
3 4953 4380
5 5587 4380
2 5928 4380
12 49 4386
14 483 4386
3 484 4386
2 490 4386
3 501 4386
2 3451 4386
10 3495 4386
9 935 4388
11 1045 4388
21 1920 4388
2 2382 4388
2 24 4411
2 26 4411
3 151 4411
13 791 4411
4 944 4411
13 1254 4411
5 2229 4411
8 3391 4411
4 3436 4411
9 934 4420
3 938 4420
4 985 4420
2 1150 4420
2 1204 4420
9 1528 4420
8 2121 4420
5 125 4421
4 217 4421
17 79 4435
2 85 4435
2 104 4435
3 209 4435
7 1578 4435
3 1889 4435
5 2102 4435
17 2279 4435
8 2728 4435
4 144 4461
2 154 4461
12 181 4461
13 261 4461
6 499 4484
7 1130 4484
12 1148 4484
7 7181 4484
9 7187 4484
9 2 4491
3 77 4491
4 84 4491
3 386 4491
10 683 4491
5 717 4491
2 754 4491
4 765 4491
16 5947 4493
7 5991 4493
2 6420 4493
2 6732 4493
7 4570 4521
2 4698 4521
8 30 4534
3 10 4542
5 18 4542
6 338 4542
2 438 4542
5 564 4542
2 1225 4542
9 1231 4542
7 1475 4542
2 2209 4542
9 2317 4542
8 4511 4542
12 4590 4542
2 4598 4542
2 4630 4542
20 4633 4542
3 4643 4542
2 4662 4542
8 4731 4542
2 4742 4542
3 5 4558
3 8 4558
5 1816 4558
2 2567 4558
4 2682 4558
3 3308 4558
16 3762 4558
2 3769 4558
4 3819 4558
3 3919 4558
2 3926 4558
5 3981 4558
9 62 4563
2 70 4563
15 217 4576
12 270 4576
17 55 4593
7 242 4593
2 378 4594
3 3181 4597
8 3201 4597
6 3247 4597
14 4621 4597
6 5240 4597
3 6173 4597
2 6214 4597
4 1 4623
4 86 4623
6 316 4623
3 52 4648
7 51 4662
2 210 4662
3 1514 4662
3 2799 4662
6 17 4665
12 54 4665
2 255 4665
6 288 4665
2 52 4676
10 339 4679
3 406 4679
3 155 4680
2 416 4680
7 80 4682
4 1848 4682
3 1941 4682
10 2983 4682
5 439 4683
2 700 4683
5 38 4688
2 288 4688
2 709 4688
2 4189 4688
44 1011 4691
3 1065 4691
2 1074 4691
11 1317 4691
2 2030 4691
2 2311 4691
2 4 4706
7 167 4706
20 370 4706
6 413 4706
4 2531 4706
4 3168 4706
4 3211 4706
3 3368 4706
6 3465 4706
2 3482 4706
10 5827 4706
3 7421 4706
2 7745 4706
2 7749 4706
4 146 4716
8 181 4716
8 2 4717
4 19 4717
4 34 4717
6 855 4717
33 1157 4717
12 1184 4717
15 1722 4717
2 3053 4717
2 465 4747
8 279 4752
6 682 4752
4 5 4755
3 284 4755
3 560 4755
3 569 4755
15 2020 4755
17 2223 4755
2 4227 4755
2 4593 4755
2 4640 4755
7 2581 4766
5 4146 4766
11 760 4798
4 827 4798
3 4695 4798
12 4765 4798
3 4766 4798
12 5 4827
2 26 4827
19 44 4827
2 898 4827
4 609 4839
3 621 4839
2 655 4839
2 555 4843
6 570 4843
5 3469 4843
4 3617 4843
2 142 4844
5 369 4862
20 75 4879
2 2223 4879
2 3320 4879
3 3334 4879
14 3343 4879
4 3787 4879
5 4199 4879
2 975 4883
3 3 4900
10 825 4900
11 9 4904
2 618 4904
3 991 4904
2 992 4904
20 1103 4904
2 1192 4904
12 1986 4904
4 3056 4904
2 3103 4904
4 3229 4904
2 3240 4904
10 27 4920
6 143 4920
5 289 4920
5 402 4920
2 409 4920
2 551 4920
9 1109 4920
2 1886 4920
2 1028 4929
17 791 4951
2 1002 4951
2 1279 4951
2 1293 4951
6 3154 4951
3 3821 4951
6 176 4957
2 184 4957
2 257 4957
2 3 4959
3 836 4959
2 1110 4959
11 1765 4959
4 1772 4959
2 1778 4959
8 2578 4959
9 913 4962
2 923 4962
3 1008 4962
3 1067 4962
2 1092 4962
10 1611 4962
4 2171 4962
3 2345 4962
3 2355 4962
2 242 4965
2 268 4970
2 3 4980
5 57 4980
15 146 4980
2 169 4980
4 557 4980
34 6 4993
11 1939 4993
7 1976 4993
5 2076 4993
4 2265 4993
11 2338 4993
2 2353 4993
8 3 5004
10 122 5004
6 419 5008
20 333 5032
2 81 5041
18 84 5041
4 358 5041
13 452 5041
5 508 5041
3 745 5041
7 898 5041
2 978 5041
11 1219 5041
14 3452 5041
3 3669 5041
2 4386 5041
5 4413 5041
3 5033 5041
12 447 5045
7 3775 5045
12 317 5049
11 604 5049
2 1187 5049
5 1231 5049
12 1238 5049
3 1255 5049
3 1274 5049
9 4 5059
5 1582 5059
2 1598 5059
7 33 5061
2 131 5061
2 134 5061
2 264 5061
4 361 5061
2 622 5061
4 2177 5061
3 2305 5061
12 3058 5061
2 3240 5061
3 3496 5061
8 3935 5061
4 3965 5061
3 407 5062
9 986 5062
5 1313 5062
2 908 5073
2 305 5097
11 805 5097
3 1925 5097
2 38 5119
2 6 5132
2 703 5132
5 726 5132
3 1251 5132
2 1261 5132
4 1336 5132
3 196 5136
5 210 5139
3 341 5139
9 349 5139
3 1431 5139
21 2091 5139
2 2197 5139
3 2423 5139
4 2434 5139
7 4 5157
7 151 5157
2 82 5166
2 339 5166
5 355 5166
2 991 5166
8 777 5167
4 902 5167
4 931 5167
4 958 5167
5 1310 5167
2 1351 5167
2 2332 5167
2 244 5168
9 287 5168
8 1858 5168
3 5 5169
5 928 5169
3 1035 5169
6 2255 5169
2 2630 5169
3 2961 5169
4 198 5181
2 1 5192
3 52 5192
8 540 5210
5 1428 5210
2 1439 5210
7 1465 5210
3 459 5216
3 650 5216
6 706 5216
2 285 5220
3 2388 5220
4 1561 5226
14 2789 5226
24 3267 5226
5 3723 5226
2 3882 5226
2 4359 5226
4 6454 5226
2 158 5230
2 209 5242
2 2237 5242
6 125 5243
6 291 5243
3 462 5243
2 222 5249
6 237 5249
3 326 5249
3 3496 5249
2 9132 5249
2 9134 5249
3 71 5251
3 176 5251
7 5 5261
2 377 5261
5 900 5261
5 46 5267
15 2558 5267
8 16 5277
4 842 5277
9 3223 5277
15 293 5288
2 330 5288
2 352 5288
2 692 5288
3 2271 5288
8 2282 5288
5 2651 5288
14 2869 5288
12 4766 5288
2 4775 5288
11 4870 5288
25 5248 5288
4 5720 5288
3 7931 5288
10 7962 5288
2 7972 5288
2 7974 5288
4 7977 5288
4 21 5323
29 524 5323
5 721 5323
2 763 5323
6 2491 5323
11 175 5354
4 183 5354
6 397 5354
12 581 5354
9 671 5354
8 673 5354
16 40 5362
3 200 5362
3 1352 5362
4 117 5363
2 635 5363
11 4 5365
4 707 5365
8 1917 5365
4 1935 5365
3 2315 5365
3 3702 5365
7 4920 5365
5 4975 5365
2 4981 5365
4 4984 5365
5 5062 5365
8 5219 5365
3 6788 5365
6 7499 5365
2 7824 5365
5 253 5367
5 568 5367
10 1086 5367
5 3272 5367
2 650 5373
2 131 5397
3 136 5397
6 2765 5397
2 3153 5397
2 6367 5397
6 129 5406
4 189 5406
14 255 5406
9 743 5406
3 759 5406
3 769 5406
2 1581 5406
11 1884 5406
8 3217 5406
2 3238 5406
8 481 5436
2 5555 5436
2 5670 5436
6 17 5438
2 31 5438
3 35 5438
4 56 5438
2 394 5438
2 435 5438
4 1066 5438
3 1155 5438
13 1934 5438
6 2064 5438
3 6152 5438
16 6812 5438
8 6834 5438
3 6876 5438
12 7235 5438
2 7248 5438
2 7253 5438
3 770 5457
4 974 5457
8 1008 5457
16 225 5465
2 1265 5465
2 2445 5465
3 2463 5465
13 42 5470
10 134 5470
4 1336 5470
8 3064 5470
3 3104 5470
6 3693 5470
3 31 5500
8 317 5500
2 4 5511
5 57 5511
2 2583 5511
4 5630 5511
5 6265 5511
15 43 5524
6 6034 5530
11 409 5532
3 437 5532
8 2 5536
2 13 5536
9 1048 5536
19 7097 5536
5 7127 5536
2 68 5537
4 559 5537
6 281 5540
6 44 5575
4 8470 5575
23 3 5583
3 451 5583
10 567 5583
17 764 5583
20 863 5583
2 1485 5583
2 33 5616
6 1751 5616
7 1762 5616
14 1783 5616
2 3746 5616
16 3813 5616
3 3824 5616
16 3858 5616
2 3903 5616
4 3928 5616
2 3936 5616
11 4016 5616
2 5948 5616
23 12 5619
26 823 5619
21 962 5619
4 1017 5619
6 1027 5619
5 3133 5619
2 3160 5619
3 3236 5619
4 1612 5639
2 1823 5639
8 2335 5639
2 2342 5639
2 2350 5639
2 5047 5639
4 5104 5639
5 5129 5639
11 35 5641
7 49 5641
11 702 5641
3 708 5641
13 941 5641
11 1490 5641
2 1542 5641
10 1560 5641
4 1999 5641
2 2388 5641
4 2484 5641
2 3442 5641
2 3571 5641
19 3773 5641
2 4175 5641
3 8 5644
6 101 5644
2 1251 5644
3 1811 5644
8 4878 5644
2 4983 5644
2 5035 5644
3 5038 5644
3 5690 5644
2 5693 5644
6 15 5647
2 9 5657
8 18 5657
8 1013 5657
2 1375 5657
5 1462 5657
2 1880 5657
9 1995 5657
2 2591 5672
9 314 5673
4 492 5673
9 1 5679
11 4 5680
10 147 5686
5 190 5686
2 205 5686
5 45 5715
5 101 5715
5 230 5715
16 1646 5715
2 1657 5715
6 1662 5715
3 1741 5715
13 824 5723
2 7 5737
11 10 5737
16 656 5737
2 670 5737
7 693 5737
6 1637 5737
2 2273 5737
8 779 5742
2 2481 5742
3 3 5753
2 13 5753
8 5077 5753
20 5545 5753
2 5895 5753
2 2 5767
7 256 5767
3 128 5771
9 40 5777
18 585 5777
4 868 5777
23 877 5777
2 895 5777
2 925 5777
3 1615 5777
3 1745 5777
5 1908 5777
15 1921 5777
2 2391 5777
6 2530 5777
9 3195 5777
2 3292 5777
5 4403 5777
11 4995 5777
7 5119 5777
6 6 5782
18 866 5782
6 967 5782
2 2 5789
5 49 5789
5 2883 5789
3 6356 5789
9 1 5790
2 794 5790
2 1476 5790
7 1602 5790
9 2802 5790
16 2974 5790
4 3070 5790
3 1387 5797
7 4 5816
9 967 5816
2 992 5816
2 1008 5816
2 1087 5816
3 460 5824
2 3 5825
2 1084 5825
7 1265 5825
4 1281 5825
3 1282 5825
6 1531 5825
2 4770 5825
2 456 5827
3 808 5827
6 1433 5827
12 1441 5827
6 1697 5827
9 3993 5827
4 5545 5827
6 5956 5827
3 11 5835
8 4220 5835
14 691 5840
5 851 5840
2 1119 5840
6 2376 5840
3 57 5846
2 5126 5846
4 5927 5846
5 6205 5846
4 6223 5846
2 6275 5846
3 6311 5846
3 6761 5846
4 7064 5846
2 24 5861
2 33 5861
2 6 5871
9 192 5871
11 326 5871
4 376 5871
3 414 5871
5 143 5873
4 97 5876
2 131 5877
9 1 5881
11 54 5881
5 927 5881
5 5686 5881
7 5696 5881
2 5909 5881
13 6011 5881
5 6022 5881
4 6139 5881
5 6440 5881
5 6495 5881
5 275 5884
8 663 5884
4 1581 5884
16 286 5886
6 312 5886
3 158 5896
2 207 5896
4 357 5896
5 372 5896
4 1305 5902
2 1761 5902
4 8 5912
9 29 5912
3 1186 5912
2 7 5913
5 706 5913
2 747 5913
4 1004 5913
7 1507 5913
2 1637 5913
2 1987 5913
3 2881 5913
2 2963 5913
4 3012 5913
19 635 5917
9 323 5919
2 410 5919
7 549 5919
3 56 5938
7 64 5938
5 278 5938
5 7 5941
9 90 5941
13 393 5941
2 458 5941
3 3911 5941
2 240 5949
2 5051 5954
6 154 5982
2 300 5982
12 3 5994
4 30 5994
3 629 5994
5 1280 5995
2 700 5997
24 55 5999
15 723 6003
4 30 6016
3 198 6016
4 578 6016
10 592 6016
2 601 6016
5 955 6016
3 1087 6016
25 1 6020
2 41 6020
3 592 6020
3 886 6020
11 1932 6020
24 374 6028
9 2166 6028
5 2283 6028
2 2306 6028
2 2313 6028
4 2368 6028
2 2537 6028
2 683 6056
2 843 6056
3 153 6059
4 157 6069
3 1409 6069
2 3506 6069
13 228 6070
5 302 6070
13 319 6070
2 347 6070
2 351 6070
7 370 6070
9 659 6070
3 79 6072
8 85 6072
2 249 6072
4 414 6072
2 3482 6072
10 4112 6072
14 5270 6072
2 5907 6072
5 1082 6076
3 3547 6076
3 4414 6076
13 236 6088
5 258 6088
2 299 6088
6 5 6091
4 11 6091
4 25 6091
9 601 6091
3 610 6091
5 20 6110
2 33 6119
14 5 6122
5 14 6122
3 106 6122
8 248 6122
6 279 6133
12 181 6143
6 746 6143
2 759 6143
10 1105 6143
10 1173 6143
2 1218 6143
2 1237 6143
10 129 6148
2 158 6148
2 163 6148
4 1256 6150
2 1919 6150
4 1987 6150
7 2372 6150
3 2893 6150
12 2908 6150
3 3831 6150
19 181 6162
5 360 6162
6 2565 6163
2 2 6166
5 1482 6166
2 3046 6166
10 3656 6166
2 3668 6166
3 3672 6166
12 3746 6166
4 3769 6166
5 5 6184
4 40 6222
4 250 6222
7 322 6222
2 337 6222
9 352 6222
7 363 6222
2 559 6222
2 813 6247
5 418 6264
10 345 6300
19 283 6301
5 472 6301
3 2 6316
5 30 6316
6 121 6331
4 430 6331
15 532 6331
7 1940 6331
2 2037 6331
3 2055 6331
4 2059 6331
4 2111 6331
2 1770 6347
4 276 6363
16 1097 6363
3 252 6372
13 447 6372
7 604 6372
4 76 6379
3 551 6379
3 3585 6385
12 156 6387
6 201 6387
2 178 6388
4 116 6391
3 273 6391
3 287 6391
3 291 6391
3 297 6391
4 299 6391
2 257 6393
14 4 6408
2 17 6408
17 527 6408
4 530 6408
3 611 6408
7 745 6408
12 6 6415
2 56 6415
6 63 6415
6 2196 6415
7 9 6435
2 321 6435
6 754 6435
7 792 6435
5 1089 6435
2 1301 6435
2 2334 6435
2 2339 6435
14 3 6460
4 26 6460
2 229 6460
3 1050 6460
2 1059 6460
16 1299 6460
11 1377 6460
2 1510 6460
5 1706 6460
2 1807 6460
4 2339 6460
15 3245 6460
2 3444 6460
8 3477 6460
3 7 6472
6 277 6472
2 642 6472
5 658 6472
2 777 6472
7 781 6472
7 1592 6472
4 1787 6472
10 4536 6472
2 4629 6472
2 4667 6472
7 4671 6472
4 6185 6472
24 6509 6472
2 6524 6472
2 6820 6472
16 15 6480
9 582 6480
2 610 6480
4 34 6499
13 60 6499
4 51 6505
2 315 6505
4 977 6505
4 1697 6510
2 2067 6510
2 2070 6510
7 2091 6510
3 2182 6510
3 2244 6510
10 23 6525
7 270 6528
2 750 6528
2 918 6531
9 6344 6531
2 203 6545
7 404 6545
3 517 6545
2 540 6545
5 187 6548
3 182 6552
3 282 6552
6 895 6554
12 1459 6566
4 10 6567
6 18 6567
3 25 6567
14 746 6567
3 3244 6567
2 3278 6567
6 3285 6567
4 3412 6567
3 3540 6567
12 8084 6567
9 8137 6567
4 4 6571
4 42 6571
2 501 6571
3 589 6571
4 1537 6571
13 1597 6571
3 1749 6571
3 1751 6571
4 1891 6571
9 199 6596
9 438 6596
5 626 6596
2 629 6596
5 884 6596
2 1154 6596
2 1156 6596
4 3515 6596
2 3601 6596
8 24 6603
2 33 6603
11 184 6603
17 523 6603
2 82 6609
3 421 6609
4 441 6609
5 453 6609
7 1207 6609
2 1272 6609
2 1348 6609
2 2044 6609
5 2567 6609
2 2603 6609
2 4 6612
7 13 6612
4 965 6613
15 2223 6613
11 150 6616
2 322 6616
9 628 6628
5 633 6628
19 732 6628
15 1398 6628
2 1575 6628
2 2403 6628
2 2991 6628
3 4668 6628
8 1916 6636
15 5873 6636
3 5943 6636
6 6183 6636
5 6193 6636
4 6468 6636
24 57 6647
9 83 6658
2 117 6658
3 129 6658
6 367 6658
4 498 6658
4 2352 6658
2 2876 6658
3 160 6661
2 3562 6661
9 282 6682
6 615 6684
4 1421 6684
11 7 6698
5 83 6698
5 816 6716
2 6 6741
2 37 6741
9 1024 6741
9 1040 6741
2 1691 6741
10 789 6753
6 1541 6753
2 1712 6753
6 5306 6753
2 5320 6753
9 105 6772
2 109 6772
4 124 6772
4 903 6772
2 922 6772
3 929 6772
2 1324 6772
5 1378 6772
3 1649 6772
14 1706 6772
2 1778 6772
15 1792 6772
2 4 6778
3 1190 6778
4 1357 6778
40 57 6783
2 1274 6783
2 3 6786
31 26 6786
13 1038 6786
10 1723 6786
5 1748 6786
6 1978 6786
2 2177 6786
2 2769 6786
12 2802 6786
2 2871 6786
2 2908 6786
3 2945 6786
9 169 6789
3 176 6789
15 296 6789
5 347 6789
6 211 6812
5 1 6813
2 3 6813
7 206 6813
9 469 6813
13 2061 6813
2 2069 6813
4 2113 6813
2 2119 6813
10 2805 6813
3 2819 6813
4 2825 6813
20 2914 6813
14 1899 6814
11 6 6817
3 511 6817
2 1758 6817
5 3750 6817
4 5277 6817
19 5292 6817
3 5672 6817
3 5705 6817
5 5709 6817
3 302 6838
6 570 6838
6 77 6855
8 138 6855
7 304 6855
2 449 6855
2 13 6858
4 204 6858
2 116 6864
2 1246 6887
6 24 6888
2 200 6888
4 365 6888
3 1048 6888
4 1720 6888
16 208 6900
8 440 6900
7 1129 6900
2 585 6903
9 12 6925
26 46 6934
7 503 6934
6 718 6934
9 765 6934
2 789 6934
5 799 6934
14 1868 6934
10 2352 6934
2 2535 6934
5 18 6940
2 101 6940
9 724 6940
4 156 6943
4 251 6953
10 252 6953
8 366 6953
10 2254 6953
8 2594 6953
7 3481 6953
3 3488 6953
2 3498 6953
2 6 6961
11 9 6961
6 2063 6961
11 8945 6961
2 11249 6961
9 11253 6961
5 11369 6961
5 18 6966
7 159 6966
3 413 6966
5 500 6975
6 3982 7016
2 4011 7016
3 6247 7016
3 67 7034
3 574 7034
2 7 7036
13 280 7036
2 1657 7036
3 4685 7036
8 4894 7036
11 4940 7036
2 8 7062
14 295 7062
10 1321 7062
5 1584 7062
3 1565 7069
2 1589 7069
2 3066 7069
7 3188 7069
2 3348 7069
2 4606 7069
2 5084 7069
5 6362 7069
3 1301 7070
3 3066 7070
6 62 7076
2 2650 7076
2 2779 7076
12 3546 7076
6 4078 7076
3 4081 7076
2 4087 7076
3 4102 7076
2 7 7077
5 264 7096
18 587 7096
2 621 7096
2 791 7096
6 849 7096
2 3095 7097
2 3771 7097
2 3862 7097
3 3980 7097
2 5 7112
3 10 7112
5 230 7112
2 241 7112
3 266 7112
3 2389 7112
3 1055 7123
3 1259 7123
8 2276 7123
5 3056 7123
3 5120 7123
15 8003 7123
5 8304 7123
4 9 7132
2 2 7133
11 268 7133
5 2189 7133
8 3683 7133
20 3969 7133
3 3985 7133
3 4003 7133
3 4086 7133
3 4196 7133
3 4221 7133
12 4230 7133
2 4273 7133
5 4564 7133
2 4794 7133
4 160 7243
2 170 7243
20 187 7243
6 241 7243
3 813 7243
5 1151 7243
2 1153 7243
7 1267 7243
4 2064 7243
2 307 7260
3 954 7260
2 2698 7260
4 2905 7260
2 4 7269
10 22 7269
12 150 7269
2 188 7269
2 1156 7269
3 1405 7269
2 3655 7269
10 3708 7269
5 4016 7269
8 844 7276
3 852 7276
2 1096 7276
4 1116 7276
3 170 7280
12 391 7280
9 752 7280
2 916 7280
5 968 7280
2 982 7280
2 986 7280
2 1393 7280
7 43 7282
11 168 7282
3 182 7282
3 187 7282
2 228 7282
5 460 7282
5 1034 7282
3 1666 7282
2 285 7287
3 1123 7287
2 76 7289
6 94 7289
4 555 7289
10 916 7289
2 935 7289
13 1487 7289
2 2195 7289
2 2824 7289
2 324 7332
10 619 7332
2 874 7332
3 2073 7332
18 8 7358
9 300 7358
5 284 7373
8 333 7373
19 182 7393
6 131 7434
21 583 7443
2 1260 7443
10 3119 7443
2 3259 7443
11 4871 7443
2 4911 7443
8 457 7458
4 4 7462
2 227 7462
5 896 7462
14 1940 7462
5 905 7474
2 11 7516
14 56 7516
2 3 7517
13 18 7517
5 630 7517
5 2 7518
7 6 7518
21 519 7518
4 522 7518
3 594 7518
2 604 7518
3 796 7518
3 817 7518
9 835 7518
3 936 7518
11 1144 7518
2 1208 7518
8 188 7521
4 1303 7521
6 1305 7521
6 4369 7521
6 4507 7521
8 4964 7521
5 36 7523
15 2 7527
2 315 7527
3 417 7527
2 639 7527
11 2433 7527
2 2502 7527
5 2506 7527
2 2514 7527
4 2520 7527
27 2900 7527
2 3038 7527
2 4602 7527
4 279 7563
2 629 7563
6 33 7564
4 48 7571
8 304 7571
3 391 7571
2 4 7575
9 3725 7575
6 6865 7575
11 6984 7575
4 7247 7575
2 276 7585
6 350 7585
2 71 7586
10 104 7586
8 735 7586
4 239 7618
7 1298 7618
5 1826 7618
7 197 7619
2 404 7619
9 428 7619
5 443 7619
3 478 7619
5 580 7619
2 584 7619
4 1033 7619
23 1075 7619
6 2361 7619
11 3106 7619
15 3121 7619
2 3273 7619
8 3802 7619
17 3844 7619
2 4379 7619
19 4482 7619
4 245 7624
7 858 7624
2 881 7624
6 2628 7624
6 9 7627
7 256 7627
2 265 7627
12 338 7627
4 1 7632
2 4 7632
5 7 7632
4 1927 7632
2 1953 7632
13 1959 7632
2 1966 7632
3 1982 7632
2 59 7668
8 56 7680
3 114 7680
2 1141 7680
4 1698 7680
4 4 7687
2 7 7687
14 207 7687
2 3341 7687
12 3367 7687
12 3375 7687
3 3473 7687
2 3635 7687
5 3642 7687
6 3851 7687
8 4067 7687
2 6682 7687
9 7183 7687
3 7200 7687
9 7205 7687
2 7434 7687
5 7641 7687
6 8 7689
2 1926 7689
6 6176 7689
14 6184 7689
8 6218 7689
2 6475 7689
7 6565 7689
7 7514 7689
7 7575 7689
3 7587 7689
2 4 7695
9 171 7713
6 973 7720
3 1991 7720
3 2461 7720
3 2633 7720
2 2806 7720
14 3055 7720
5 3550 7720
6 56 7722
4 69 7722
5 44 7724
2 56 7724
4 2 7735
5 2 7753
4 336 7753
8 459 7753
21 3337 7782
5 4041 7782
2 4114 7782
2 4137 7782
11 5049 7782
3 5813 7782
5 76 7802
8 253 7802
3 1675 7804
6 5204 7804
4 6138 7804
2 6267 7804
5 3 7834
9 5 7866
6 21 7866
11 133 7866
4 271 7866
14 433 7866
2 552 7866
2 240 7887
4 267 7887
2 299 7887
2 93 7901
2 262 7901
7 4 7903
4 1259 7903
8 570 7909
5 163 7914
2 167 7914
3 95 7925
3 243 7925
3 375 7925
14 43 7929
2 157 7929
3 164 7929
2 190 7929
18 1 7947
3 54 7963
16 604 7966
2 710 7966
2 747 7966
7 29 7967
26 10 7993
21 561 7993
10 666 7993
4 1017 7993
2 2540 7993
16 7145 7993
5 7325 7993
3 7428 7993
8 7564 7993
3 7717 7993
4 99 7998
2 107 7998
2 3844 7998
3 3846 7998
4 3 8019
4 80 8019
2 279 8019
7 1172 8019
11 11 8025
9 1584 8025
2 10720 8025
5 10785 8025
3 10889 8025
8 2479 8029
2 2732 8029
2 485 8031
2 100 8046
7 5 8047
5 31 8047
2 344 8047
2 1654 8047
3 3468 8047
6 3619 8047
12 3720 8047
3 4178 8047
11 4272 8047
5 4366 8047
2 4537 8047
13 4667 8047
5 5198 8047
7 3 8054
16 140 8054
11 337 8067
2 367 8079
3 610 8079
7 1012 8079
2 1047 8079
6 1301 8079
2 1380 8079
2 1727 8079
21 104 8080
12 160 8096
9 465 8096
27 716 8096
9 771 8096
7 105 8108
7 279 8108
6 289 8108
9 6 8131
2 14 8131
5 281 8131
6 368 8131
4 497 8131
19 1327 8131
3 1398 8131
21 2797 8131
5 2802 8131
4 3053 8131
3 3162 8131
5 3300 8131
3 898 8143
2 1356 8143
3 3 8152
6 434 8152
3 530 8152
7 568 8155
2 1038 8155
5 1617 8155
11 755 8156
6 778 8156
3 4 8178
3 8 8178
9 14 8178
2 55 8178
2 1503 8178
11 1973 8178
2 2402 8178
4 1875 8188
4 192 8199
10 202 8199
4 492 8199
10 1545 8199
2 1843 8199
8 5226 8199
6 5356 8199
11 6064 8199
10 6148 8199
3 6198 8199
5 3 8213
2 20 8213
2 225 8213
6 1717 8213
7 1952 8213
2 2431 8213
16 574 8222
12 2 8253
11 337 8253
5 420 8253
13 75 8292
3 198 8292
20 205 8292
4 816 8292
11 843 8292
2 1226 8292
2 1242 8292
2 1764 8292
2 2083 8292
10 6987 8292
2 544 8315
5 573 8315
12 1443 8324
2 1 8343
7 203 8343
4 216 8343
2 102 8370
12 420 8370
2 922 8370
2 273 8380
3 113 8389
5 383 8389
19 649 8389
3 665 8389
2 793 8389
3 1356 8389
12 1463 8389
6 1614 8389
5 5 8394
2 24 8396
55 5 8400
4 441 8400
7 520 8400
3 975 8400
2 998 8400
13 264 8401
2 166 8402
13 13 8419
2 28 8420
2 694 8420
18 697 8420
19 1140 8420
4 1326 8420
2 1345 8420
14 1648 8420
4 2800 8420
2 14 8432
2 10 8434
3 385 8441
3 898 8457
4 71 8467
22 115 8467
9 3027 8467
2 3731 8467
2 3982 8467
3 6373 8467
2 6414 8467
5 99 8468
2 128 8468
6 195 8475
6 355 8475
9 463 8475
10 1341 8475
3 1454 8475
7 2215 8475
5 2797 8475
4 2829 8475
4 3637 8475
11 95 8476
3 182 8476
10 638 8476
5 791 8476
3 235 8480
13 329 8480
2 1738 8480
4 225 8508
4 5 8511
2 9 8511
23 4490 8511
12 4503 8511
2 4527 8511
2 4540 8511
21 5234 8511
6 5314 8511
21 5756 8511
2 5887 8511
8 5922 8511
15 6273 8511
2 65 8513
7 98 8513
11 155 8513
9 220 8513
7 312 8513
3 392 8513
5 520 8513
8 526 8513
2 956 8513
3 964 8513
8 67 8514
4 198 8514
3 206 8514
4 222 8514
4 229 8514
3 234 8514
5 439 8514
9 558 8514
4 629 8514
13 1903 8514
3 2449 8514
3 2457 8514
4 7 8516
7 1012 8516
3 1300 8516
14 1712 8516
2 1752 8516
9 142 8517
17 299 8517
4 428 8517
17 30 8519
4 1130 8519
5 1342 8519
20 17 8521
7 137 8521
3 81 8523
9 94 8523
4 712 8523
12 1042 8523
2 1236 8523
4 369 8524
8 113 8541
13 6 8542
2 74 8542
10 350 8542
10 731 8542
5 748 8542
3 819 8542
7 2209 8542
2 2336 8542
2 2350 8542
2 2681 8542
4 2686 8542
4 2727 8542
3 12 8545
6 3064 8545
2 3088 8545
2 3110 8545
25 29 8580
3 511 8580
2 1769 8580
10 1567 8584
4 1583 8584
9 115 8587
7 487 8587
17 1487 8609
3 265 8610
7 430 8610
18 572 8610
2 584 8610
4 1392 8610
4 2676 8610
32 3 8614
9 30 8614
3 306 8614
5 432 8614
3 473 8614
14 566 8614
3 626 8614
6 646 8614
4 3076 8614
2 3086 8614
2 363 8636
23 963 8636
3 1020 8636
2 1067 8636
25 7935 8640
8 165 8653
2 173 8653
4 188 8653
3 1242 8653
3 1790 8653
10 2432 8653
2 2685 8653
2 5586 8653
2 457 8662
5 2034 8662
8 3 8664
5 31 8664
16 277 8664
5 419 8664
4 447 8664
3 474 8664
3 545 8664
3 1127 8664
3 1340 8668
3 1552 8668
3 159 8670
19 315 8670
6 571 8670
3 1161 8670
4 6 8677
5 15 8677
9 1339 8677
9 3018 8677
2 3443 8677
3 3717 8677
2 4753 8677
4 5921 8677
3 16 8685
9 21 8685
2 261 8685
5 4100 8685
4 4205 8685
6 4216 8685
2 4286 8685
2 4290 8685
5 5 8688
2 223 8688
5 18 8697
8 10 8701
2 651 8701
3 654 8701
4 660 8701
4 1241 8701
25 1242 8701
2 1261 8701
8 1549 8701
3 2894 8701
8 573 8714
2 973 8714
6 11 8717
4 40 8717
2 49 8717
2 61 8717
11 126 8717
3 946 8717
6 2980 8717
6 5228 8717
3 5240 8717
9 5404 8717
3 6128 8717
7 6194 8717
10 828 8735
2 858 8735
2 880 8735
3 25 8751
3 31 8751
5 1207 8751
5 1219 8751
2 1759 8751
4 1846 8751
2 1983 8751
2 2174 8751
3 4 8758
11 813 8758
14 831 8758
2 117 8760
8 262 8760
3 1674 8760
2 1753 8760
5 10 8761
4 82 8761
6 117 8761
4 526 8761
10 1 8763
2 13 8763
14 1404 8763
2 4 8781
3 269 8781
7 408 8781
10 703 8781
7 708 8781
6 1530 8781
5 4880 8781
10 4912 8781
2 88 8795
6 849 8799
13 896 8799
2 4197 8799
4 4398 8799
27 4441 8799
4 1792 8810
3 1799 8810
2 1803 8810
2 96 8814
13 293 8814
2 410 8814
2 571 8814
2 1292 8814
4 673 8820
4 1838 8822
9 3231 8822
3 3396 8822
9 3874 8822
2 4094 8822
6 4129 8822
9 8 8835
2 18 8835
7 99 8835
3 148 8835
2 404 8835
23 418 8835
4 456 8835
3 486 8835
5 1720 8835
7 23 8836
3 61 8836
8 1036 8836
7 214 8852
8 335 8852
18 667 8860
2 692 8860
2 1581 8860
15 8 8869
5 810 8869
16 6 8883
3 321 8883
18 25 8886
9 89 8886
2 204 8886
6 1511 8911
6 1547 8911
3 2318 8911
2 2346 8911
3 2349 8911
5 38 8913
3 212 8915
2 310 8915
3 412 8915
2 475 8915
6 325 8924
2 1 8933
5 1393 8943
11 1471 8943
3 2159 8943
3 2231 8943
2 2576 8943
2 2580 8943
8 41 8958
7 460 8964
6 471 8964
6 479 8964
12 1099 8964
3 4 8968
16 2202 8968
7 2 8977
5 14 9031
7 715 9031
2 101 9035
2 280 9035
3 143 9037
2 148 9037
5 307 9037
10 2969 9045
2 2995 9045
2 4105 9045
4 4736 9045
3 5735 9045
14 8943 9045
4 650 9047
6 10 9049
2 18 9049
24 52 9049
3 97 9049
2 104 9049
3 371 9049
6 680 9049
8 1234 9049
7 1431 9049
2 1667 9049
3 2066 9049
8 2417 9049
3 2846 9049
4 3666 9049
16 103 9054
4 147 9054
8 125 9063
6 1 9068
9 231 9068
3 350 9068
16 355 9068
2 366 9068
3 381 9068
21 1426 9068
4 5081 9068
4 6312 9068
5 6534 9068
4 559 9094
2 563 9094
6 567 9094
6 1539 9094
6 4 9098
4 24 9098
17 266 9098
6 885 9098
9 1690 9098
3 1713 9098
9 2027 9098
2 2323 9098
3 2341 9098
3 2751 9098
3 3 9104
2 135 9104
6 125 9115
2 538 9115
51 3 9130
2 222 9130
10 295 9130
7 1719 9130
3 1817 9130
2 3010 9130
6 3863 9130
5 4325 9130
2 4360 9130
6 4376 9130
8 4905 9130
5 5083 9130
2 5390 9130
2 161 9139
10 166 9139
6 777 9139
21 2314 9139
2 2521 9139
10 2614 9139
2 2618 9139
3 60 9147
4 103 9147
2 236 9147
5 255 9147
6 344 9147
10 39 9161
3 43 9161
4 116 9161
2 638 9161
9 3088 9161
4 3091 9161
3 3109 9161
3 7 9184
7 206 9184
10 309 9184
4 1153 9184
4 1390 9184
2 2657 9184
12 146 9204
2 1372 9204
2 97 9205
5 123 9205
4 134 9205
13 348 9205
4 1033 9205
6 1459 9205
3 98 9206
5 201 9206
20 614 9206
4 190 9207
3 951 9207
6 1731 9207
9 1834 9207
13 2011 9211
8 5043 9211
18 122 9219
3 151 9219
2 1031 9221
13 4105 9221
6 4109 9221
16 4209 9221
4 4234 9221
2 4368 9221
15 4418 9221
5 4469 9221
9 4 9226
6 1395 9226
2 1406 9226
7 1617 9226
2 4 9231
7 27 9231
5 320 9231
4 2082 9231
6 3500 9231
17 3648 9231
3 3677 9231
4 3682 9231
2 5923 9231
3 7123 9231
2 8379 9231
5 8415 9231
5 7 9237
2 815 9237
2 825 9237
5 834 9237
4 896 9237
2 909 9237
2 4680 9237
2 882 9243
2 884 9243
2 500 9256
7 865 9256
2 591 9259
3 1529 9259
2 1621 9259
3 276 9260
10 1252 9261
3 1275 9261
4 58 9262
19 981 9262
3 1657 9262
4 1955 9262
2 2219 9262
2 2226 9262
8 7 9277
17 10 9277
4 158 9277
2 274 9277
4 280 9277
15 338 9277
10 2166 9277
6 2310 9277
16 2321 9277
6 2521 9277
10 3063 9277
5 5445 9277
2 526 9300
2 701 9323
4 747 9323
4 1529 9323
4 2 9326
23 41 9326
10 968 9326
4 1001 9326
2 6728 9326
7 466 9338
20 597 9338
4 612 9338
6 4518 9338
2 4537 9338
3 4609 9338
20 359 9340
6 1637 9340
9 2080 9340
15 175 9342
2 5119 9342
13 96 9343
2 279 9343
17 157 9354
2 271 9354
12 275 9354
10 487 9354
2 500 9354
3 570 9354
15 1154 9354
6 4879 9354
2 4930 9354
11 4936 9354
6 4940 9354
7 5300 9354
4 5485 9354
9 545 9367
10 564 9371
6 1865 9371
3 493 9381
14 511 9381
15 1145 9381
16 1158 9381
3 1186 9381
6 6 9388
2 138 9388
8 186 9388
15 213 9388
10 351 9399
7 9 9415
10 331 9415
2 407 9415
8 88 9427
2 1612 9427
8 1624 9427
2 1652 9427
4 1657 9427
2 2775 9439
2 9 9441
2 18 9441
3 595 9441
3 630 9441
5 2194 9441
5 4778 9441
9 5963 9441
7 225 9444
2 474 9444
3 522 9444
2 531 9444
19 940 9444
2 980 9444
2 1029 9444
11 1217 9444
2 1231 9444
6 1359 9444
2 1365 9444
3 2198 9444
4 2207 9444
3 2301 9444
16 2311 9444
2 2379 9444
2 2117 9446
20 3945 9446
5 3960 9446
3 135 9458
11 149 9460
2 250 9462
2 1160 9462
3 6 9464
3 14 9464
4 19 9464
4 72 9464
3 777 9464
8 946 9464
2 14 9472
3 1321 9472
3 1359 9472
2 1362 9472
24 1370 9472
5 1553 9472
4 1565 9472
6 1687 9472
16 1693 9472
3 1799 9472
2 2153 9472
6 2477 9472
8 2678 9472
4 2700 9472
2 36 9479
6 7 9480
5 2831 9480
2 413 9506
6 434 9506
5 2239 9506
13 21 9509
4 711 9512
4 16 9516
2 11 9518
2 14 9518
3 240 9518
4 597 9518
5 644 9518
7 873 9518
2 1002 9518
5 1056 9518
7 1358 9518
2 2556 9518
3 2948 9518
4 3001 9518
5 139 9529
3 278 9537
6 7 9539
8 349 9539
5 6 9542
7 638 9542
26 735 9542
3 787 9542
10 1299 9542
2 1697 9542
8 6 9548
7 209 9548
3 2698 9548
17 2705 9548
2 3113 9548
8 13 9562
5 42 9562
6 53 9562
16 68 9562
9 243 9562
2 331 9562
2 2113 9562
2 151 9573
2 2080 9573
3 3165 9573
5 236 9596
2 3 9602
4 6 9602
14 2796 9602
13 47 9606
3 343 9606
4 868 9606
7 997 9606
17 2822 9606
9 4121 9606
3 814 9607
11 46 9615
5 563 9615
3 37 9620
12 190 9620
5 200 9620
15 4692 9638
2 4918 9638
2 5403 9638
9 5842 9638
3 5 9645
5 52 9645
3 575 9645
3 9 9656
6 1606 9656
5 2070 9656
3 2422 9656
2 2431 9656
2 2453 9656
14 2458 9656
2 12 9662
2 80 9662
3 85 9662
17 1082 9662
5 1226 9662
13 2 9664
17 2203 9664
3 3249 9664
5 93 9667
2 453 9667
5 1144 9667
4 1425 9667
3 2101 9667
8 2367 9667
2 2597 9667
9 7 9687
3 27 9687
14 1808 9687
4 2642 9687
8 1 9688
3 10 9700
13 664 9715
4 741 9715
3 2472 9715
5 2765 9715
6 3499 9715
2 264 9719
2 36 9720
13 38 9725
12 100 9746
12 123 9746
4 245 9746
2 494 9746
10 879 9746
24 1093 9746
3 1546 9746
4 1 9749
5 249 9749
5 1315 9759
5 2 9762
6 1253 9762
3 1809 9762
2 3921 9762
16 3931 9762
2 3971 9762
10 1 9773
6 111 9773
2 1747 9773
4 1782 9773
4 303 9781
5 881 9781
4 963 9781
2 1091 9781
13 407 9791
3 750 9791
5 948 9791
2 1528 9791
8 204 9820
8 6 9831
8 338 9831
3 38 9833
2 227 9833
2 1084 9833
2 1087 9833
6 1101 9833
6 1680 9833
3 1890 9833
6 2162 9833
2 2313 9833
5 2316 9833
2 4 9835
5 7 9835
5 198 9835
2 540 9837
2 1318 9837
23 7 9851
2 214 9851
13 1050 9862
3 1667 9862
3 2196 9862
8 3071 9862
3 3083 9862
6 3368 9862
6 17 9863
2 321 9863
3 331 9863
2 950 9863
5 1483 9863
2 3363 9863
6 647 9870
3 716 9870
2 1047 9870
2 1230 9870
5 3099 9870
5 3683 9870
3 3692 9870
13 4329 9870
2 4331 9870
2 4459 9870
8 8 9885
2 360 9885
5 367 9885
8 559 9885
29 975 9885
15 2357 9885
6 2572 9885
3 2580 9885
2 16 9886
5 116 9886
9 180 9886
2 1503 9886
6 258 9905
6 263 9905
2 456 9905
2 460 9905
4 1164 9905
11 1759 9905
15 2146 9905
3 3280 9905
5 22 9910
5 845 9910
9 869 9910
2 878 9910
5 1 9915
2 11 9924
2 29 9924
3 35 9924
8 423 9924
7 2225 9924
9 2419 9924
7 2422 9924
2 2840 9924
8 131 9925
11 6 9931
8 17 9931
10 2 9950
14 2 9961
3 31 9961
6 362 9961
24 518 9961
2 5 9975
2 826 9975
2 830 9975
8 914 9975
6 1112 9975
9 2195 9975
4 5168 9975
6 5175 9975
6 354 9980
2 653 9980
8 953 9980
2 1856 9980
4 1858 9980
7 12 9984
3 1517 9984
7 1779 9984
3 7367 9984
4 7598 9984
